401,102715,1,0
401,102456,2,0
401,102462,3,0
401,102466,4,0
401,102470,5,0
401,102461,6,1
500,102716,1,0
500,102454,2,0
500,102460,3,0
500,102465,4,0
500,102480,5,0
500,102492,6,0
500,102499,7,0
500,102508,8,0
500,102516,9,0
500,102522,10,0
500,102515,11,0
500,102505,12,0
500,102491,13,0
500,102485,14,0
500,102478,15,0
500,102476,16,0
500,102471,17,0
500,102473,18,0
500,102484,19,0
500,102481,20,0
500,102468,21,0
500,102463,22,0
500,102453,23,1
601,102717,1,0
601,102456,2,0
601,102462,3,0
601,102466,4,0
601,102479,5,0
601,102496,6,0
601,102520,7,0
601,102526,8,0
601,102528,9,0
601,102525,10,0
601,102529,11,0
601,102521,12,0
601,102497,13,0
601,102494,14,0
601,102502,15,0
601,102493,16,0
601,102483,17,0
601,102455,18,1
700,102718,1,0
700,102450,2,0
700,102452,3,0
700,102457,4,0
700,102464,5,0
700,102458,6,0
700,102451,7,0
700,102449,8,1
1003,102690,1,0
1003,102550,2,0
1003,102548,3,0
1003,102685,4,0
1003,102553,5,0
1003,102691,6,0
1003,102681,7,0
1003,102680,8,0
1003,102677,9,0
1003,102676,10,0
1003,102678,11,0
1003,102679,12,0
1003,102682,13,0
1003,102673,14,0
1003,102639,15,0
1003,102632,16,0
1003,130003,17,0
1003,102543,18,0
1003,102523,19,0
1003,102493,20,0
1003,102483,21,0
1003,130001,22,0
1003,102542,23,0
1003,102594,24,0
1003,102620,25,0
1003,102703,26,0
1003,102629,27,0
1003,102659,28,0
1003,102660,29,1
1004,102660,1,0
1004,102653,2,0
1004,102703,3,0
1004,102619,4,0
1004,102589,5,0
1004,102536,6,0
1004,102514,7,0
1004,130000,8,0
1004,102486,9,0
1004,102509,10,0
1004,102533,11,0
1004,130002,12,0
1004,102628,13,0
1004,102645,14,0
1004,102681,15,0
1004,102680,16,0
1004,102677,17,0
1004,102676,18,0
1004,102678,19,0
1004,102679,20,0
1004,102682,21,0
1004,102683,22,0
1004,102686,23,1
2003,102690,1,0
2003,102550,2,0
2003,102548,3,0
2003,102685,4,0
2003,102553,5,0
2003,102691,6,0
2003,102681,7,0
2003,102680,8,0
2003,102677,9,0
2003,102676,10,0
2003,102678,11,0
2003,102679,12,0
2003,102682,13,0
2003,102673,14,0
2003,102639,15,0
2003,102632,16,0
2003,102605,17,0
2003,102599,18,0
2003,102591,19,0
2003,102576,20,0
2003,102567,21,0
2003,102555,22,0
2003,102545,23,0
2003,102543,24,0
2003,102523,25,0
2003,102493,26,0
2003,102483,27,0
2003,102455,28,0
2003,102713,29,0
2003,102714,30,1
2004,102713,1,0
2004,102456,2,0
2004,102486,3,0
2004,102509,4,0
2004,102533,5,0
2004,102547,6,0
2004,102554,7,0
2004,102569,8,0
2004,102578,9,0
2004,102592,10,0
2004,102596,11,0
2004,102628,12,0
2004,102645,13,0
2004,102681,14,0
2004,102680,15,0
2004,102677,16,0
2004,102676,17,0
2004,102678,18,0
2004,102679,19,0
2004,102682,20,0
2004,102683,21,0
2004,102690,22,1
2103,102662,1,0
2103,102665,2,0
2103,102668,3,0
2103,102671,4,0
2103,102673,5,0
2103,102639,6,0
2103,102632,7,0
2103,102605,8,0
2103,102599,9,0
2103,102591,10,0
2103,102576,11,0
2103,102567,12,0
2103,102555,13,0
2103,102545,14,0
2103,102543,15,0
2103,102523,16,0
2103,102493,17,0
2103,102483,18,0
2103,102455,19,0
2103,102713,20,1
2104,102713,1,0
2104,102456,2,0
2104,102486,3,0
2104,102509,4,0
2104,102533,5,0
2104,102547,6,0
2104,102554,7,0
2104,102569,8,0
2104,102578,9,0
2104,102592,10,0
2104,102596,11,0
2104,102603,12,0
2104,102628,13,0
2104,102645,14,0
2104,102672,15,0
2104,102667,16,0
2104,102664,17,0
2104,102661,18,1
2503,102599,1,0
2503,102591,2,0
2503,102576,3,0
2503,102567,4,0
2503,102555,5,0
2503,102545,6,0
2503,102543,7,0
2503,102523,8,0
2503,102493,9,0
2503,102483,10,0
2503,102455,11,0
2503,102713,12,1
2504,102713,1,0
2504,102456,2,0
2504,102486,3,0
2504,102509,4,0
2504,102533,5,0
2504,102547,6,0
2504,102554,7,0
2504,102569,8,0
2504,102578,9,0
2504,102605,10,0
2504,102599,11,1
3003,102714,1,0
3003,102456,2,0
3003,102462,3,0
3003,102466,4,0
3003,102479,5,0
3003,102496,6,0
3003,102503,7,0
3003,102517,8,0
3003,102535,9,0
3003,102542,10,0
3003,102594,11,0
3003,102600,12,0
3003,102620,13,0
3003,102622,14,0
3003,102610,15,0
3003,102604,16,0
3003,102607,17,0
3003,102621,18,0
3003,102627,19,0
3003,102631,20,0
3003,102636,21,0
3003,102634,22,0
3003,102703,23,0
3003,102629,24,0
3003,102659,25,0
3003,102660,26,1
3004,102660,1,0
3004,102656,2,0
3004,102653,3,0
3004,102703,4,0
3004,102622,5,0
3004,102610,6,0
3004,102604,7,0
3004,102607,8,0
3004,102621,9,0
3004,102627,10,0
3004,102631,11,0
3004,102636,12,0
3004,102634,13,0
3004,102619,14,0
3004,102600,15,0
3004,102589,16,0
3004,102536,17,0
3004,102514,18,0
3004,102504,19,0
3004,102498,20,0
3004,102455,21,0
3004,102714,22,1
3103,102714,1,0
3103,102456,2,0
3103,102462,3,0
3103,102466,4,0
3103,102479,5,0
3103,102496,6,0
3103,102503,7,0
3103,102517,8,0
3103,102535,9,0
3103,102542,10,0
3103,102594,11,0
3103,102600,12,0
3103,102620,13,0
3103,102622,14,1
3104,102622,1,0
3104,102610,2,0
3104,102604,3,0
3104,102607,4,0
3104,102621,5,0
3104,102627,6,0
3104,102631,7,0
3104,102636,8,0
3104,102634,9,0
3104,102619,10,0
3104,102600,11,0
3104,102589,12,0
3104,102536,13,0
3104,102514,14,0
3104,102504,15,0
3104,102498,16,0
3104,102455,17,0
3104,102714,18,1
3203,102714,1,0
3203,102456,2,0
3203,102462,3,0
3203,102466,4,0
3203,102470,5,0
3203,102472,6,0
3203,102488,7,0
3203,102501,8,0
3203,102507,9,0
3203,102519,10,0
3203,102539,11,0
3203,102541,12,0
3203,102542,13,0
3203,102594,14,0
3203,102600,15,0
3203,102620,16,0
3203,102703,17,0
3203,102629,18,0
3203,102659,19,0
3203,102660,20,1
3204,102660,1,0
3204,102656,2,0
3204,102653,3,0
3204,102703,4,0
3204,102619,5,0
3204,102600,6,0
3204,102589,7,0
3204,102540,8,0
3204,102534,9,0
3204,102518,10,0
3204,102506,11,0
3204,102500,12,0
3204,102487,13,0
3204,102475,14,0
3204,102461,15,0
3204,102714,16,1
2400002003,102686,1,0
2400002003,102690,2,0
2400002003,102550,3,0
2400002003,102548,4,0
2400002003,102685,5,0
2400002003,102553,6,0
2400002003,102691,7,0
2400002003,102681,8,0
2400002003,102680,9,0
2400002003,102677,10,0
2400002003,102676,11,0
2400002003,102678,12,0
2400002003,102679,13,0
2400002003,102682,14,0
2400002003,102673,15,0
2400002003,102639,16,0
2400002003,102632,17,0
2400002003,102605,18,0
2400002003,102599,19,0
2400002003,102591,20,0
2400002003,102543,21,0
2400002003,102523,22,0
2400002003,102493,23,0
2400002003,102483,24,0
2400002003,102455,25,0
2400002003,102713,26,1
2400002004,102713,1,0
2400002004,102456,2,0
2400002004,102486,3,0
2400002004,102509,4,0
2400002004,102533,5,0
2400002004,102592,6,0
2400002004,102596,7,0
2400002004,102603,8,0
2400002004,102628,9,0
2400002004,102645,10,0
2400002004,102681,11,0
2400002004,102680,12,0
2400002004,102677,13,0
2400002004,102676,14,0
2400002004,102678,15,0
2400002004,102679,16,0
2400002004,102682,17,0
2400002004,102683,18,0
2400002004,102686,19,1
