'2653',1000,62200,,'',0,2000,,'',0,6500,,'',0,2500,,'',0,2500,,'',0,6500,,'',0,3000,,'',0,6000,,'',0,2500,,'',0,6500,,'',0,2500,,'',0,3000,,'',0,6500,,'',0,2000,,'',0,6500,0,'Emerald',0,2500,0,'Emerald',0,2500,0,'Emerald',0,6500,0,'Emerald',0,2000,0,'Emerald',0,7000,0,'Emerald',0,2500,0,'Emerald',0,6500,0,'Emerald',0,2500,0,'Emerald',0,2500,0,'Emerald',0,6000,0,'Emerald',0,3000,0,'Emerald',0,6500,0,'Emerald',0,2500,0,'Emerald',0,2500,0,'Emerald',0,6500,0,'Emerald',0,3000,0,'Emerald',0,6000,0,'Emerald',0,2500,0,'Emerald',0,6500,0,'Emerald',0,2500,0,'Emerald',0,3000,0,'Emerald',0
'2662',1000,53200,,'',0,2300,,'',0,6700,,'',0,2000,,'',0,6500,,'',0,2500,,'',0,2500,,'',0,6500,,'',0,3000,,'',0,6000,,'',0,2500,,'',0,6500,,'',0,2500,,'',0,3000,,'',0,6500,,'',0,2000,,'',0,6500,0,'Emerald',0,2500,0,'Emerald',0,2500,0,'Emerald',0,6500,0,'Emerald',0,2000,0,'Emerald',0,7000,0,'Emerald',0,2500,0,'Emerald',0,6500,0,'Emerald',0,2500,0,'Emerald',0,2500,0,'Emerald',0,6000,0,'Emerald',0,3000,0,'Emerald',0,6500,0,'Emerald',0,2500,0,'Emerald',0,2500,0,'Emerald',0,6500,0,'Emerald',0,3000,0,'Emerald',0,6000,0,'Emerald',0,2500,0,'Emerald',0,6500,0,'Emerald',0,2500,0,'Emerald',0,2500,0,'Emerald',0,7000,0,'Emerald',0,8100,0,'Emerald',0
'2653',2000,52000,,'',0,2700,,'',0,7000,,'',0,3000,,'',0,7000,,'',0,3000,,'',0,7000,,'',0,3000,,'',0,7000,,'',0,3000,,'',0,7000,,'',0,3000,,'',0,7000,,'',0,3000,,'',0,7000,,'',0,3000,,'',0,7000,,'',0,3000,,'',0,7000,,'',0,3000,,'',0,7000,,'',0,3000,,'',0,7000,,'',0,3000,,'',0,7000,,'',0,3000,,'',0,7000,,'',0,3000,,'',0,7000,,'',0,3000,,'',0,7000,,'',0,3000,,'',0,7000,,'',0,3000,,'',0,7000,,'',0,3000,,'',0,7000,,'',0,3000,,'',0,7000,,'',0,3000,,'',0,7000,,'',0,3000,,'',0,7000,,'',0,2500,,'',0
'2653',2001,60900,4,'',0,3000,4,'',0,7100,4,'',0,3000,4,'',0,7000,4,'',0,3000,4,'',0,6900,4,'',0,3000,4,'',0,7000,4,'',0,3000,4,'',0,7000,4,'',0,3000,4,'',0,7100,4,'',0,3000,4,'',0,7000,4,'',0,3000,4,'',0,7100,4,'',0,3100,4,'',0,7000,4,'',0,3000,4,'',0,7000,4,'',0,3000,4,'',0,7000,4,'',0,3000,4,'',0,6900,4,'',0,3000,4,'',0,6900,4,'',0,3000,4,'',0,7000,4,'',0,3000,4,'',0,7000,4,'',0,3000,4,'',0,7000,4,'',0,3000,4,'',0,7000,4,'',0,2900,4,'',0,7000,4,'',0,3000,4,'',0,7000,4,'',0,2900,4,'',0,7000,4,'',0,3000,4,'',0,9500,4,'',0
'2662',2000,52000,,'',0,2700,,'',0,7000,,'',0,3000,,'',0,7000,,'',0,3000,,'',0,7000,,'',0,3000,,'',0,7000,,'',0,3000,,'',0,7000,,'',0,3000,,'',0,7000,,'',0,3000,,'',0,7000,,'',0,3000,,'',0,7000,,'',0,3000,,'',0,7000,,'',0,3000,,'',0,7000,,'',0,3000,,'',0,7000,,'',0,3000,,'',0,7000,,'',0,3000,,'',0,7000,,'',0,3000,,'',0,7000,,'',0,3000,,'',0,7000,,'',0,3000,,'',0,7000,,'',0,3000,,'',0,7000,,'',0,3000,,'',0,7000,,'',0,3000,,'',0,7000,,'',0,3000,,'',0,7000,,'',0,3000,,'',0,7000,,'',0,2500,,'',0
'2662',2001,60900,4,'',0,3000,4,'',0,7100,4,'',0,3000,4,'',0,7000,4,'',0,3000,4,'',0,6900,4,'',0,3000,4,'',0,7000,4,'',0,3000,4,'',0,7000,4,'',0,3000,4,'',0,7100,4,'',0,3000,4,'',0,7000,4,'',0,3000,4,'',0,7100,4,'',0,3100,4,'',0,7000,4,'',0,3000,4,'',0,7000,4,'',0,3000,4,'',0,7000,4,'',0,3000,4,'',0,6900,4,'',0,3000,4,'',0,6900,4,'',0,3000,4,'',0,7000,4,'',0,3000,4,'',0,7000,4,'',0,3000,4,'',0,7000,4,'',0,3000,4,'',0,7000,4,'',0,2900,4,'',0,7000,4,'',0,3000,4,'',0,7000,4,'',0,2900,4,'',0,7000,4,'',0,3000,4,'',0,10000,4,'',0
'2653',24002000,72700,,'',0,10500,,'',0,10000,,'',0,10000,,'',0,9500,,'',0,10000,,'',0,10500,,'',0,10000,,'',0,10000,,'',0,10000,,'',0,10500,,'',0
'2653',24002001,82200,4,'',0,10000,4,'',0,10000,4,'',0,10000,4,'',0,9500,4,'',0,10500,4,'',0,10100,4,'',0,10200,4,'',0,10000,4,'',0,9900,4,'',0
'2662',24002000,170200,,'',0
'2662',24002001,175900,4,'',0
