44800,5786,1,0
44800,5668,2,0
44800,5673,3,0
44800,5677,4,0
44800,5685,5,0
44800,5692,6,0
44800,5698,7,0
44800,5703,8,0
44800,5707,9,0
44800,5711,10,0
44800,5706,11,0
44800,5702,12,0
44800,5691,13,0
44800,5689,14,0
44800,5683,15,0
44800,5682,16,0
44800,5680,17,0
44800,5681,18,0
44800,5688,19,0
44800,5686,20,0
44800,5679,21,0
44800,5675,22,0
44800,5667,23,1
44901,5787,1,0
44901,5670,2,0
44901,5674,3,0
44901,5678,4,0
44901,5684,5,0
44901,5695,6,0
44901,5709,7,0
44901,5714,8,0
44901,5715,9,0
44901,5713,10,0
44901,5716,11,0
44901,5710,12,0
44901,5696,13,0
44901,5694,14,0
44901,5699,15,0
44901,5693,16,0
44901,5687,17,0
44901,5669,18,1
45000,5788,1,0
45000,5664,2,0
45000,5666,3,0
45000,5671,4,0
45000,5676,5,0
45000,5672,6,0
45000,5665,7,0
45000,5663,8,1
45103,5781,1,0
45103,5725,2,0
45103,5724,3,0
45103,5779,4,0
45103,5726,5,0
45103,5782,6,0
45103,5776,7,0
45103,5775,8,0
45103,5772,9,0
45103,5771,10,0
45103,5773,11,0
45103,5774,12,0
45103,5777,13,0
45103,5770,14,0
45103,5756,15,0
45103,5753,16,0
45103,5792,17,0
45103,5721,18,0
45103,5712,19,0
45103,5693,20,0
45103,5687,21,0
45103,5790,22,0
45103,5720,23,0
45103,5736,24,0
45103,5746,25,0
45103,5783,26,0
45103,5751,27,0
45103,5760,28,0
45103,5761,29,0
45103,5759,30,0
45103,5758,31,1
45104,5761,1,0
45104,5759,2,0
45104,5758,3,0
45104,5783,4,0
45104,5745,5,0
45104,5733,6,0
45104,5719,7,0
45104,5705,8,0
45104,5789,9,0
45104,5690,10,0
45104,5704,11,0
45104,5717,12,0
45104,5791,13,0
45104,5750,14,0
45104,5757,15,0
45104,5776,16,0
45104,5775,17,0
45104,5772,18,0
45104,5771,19,0
45104,5773,20,0
45104,5774,21,0
45104,5777,22,0
45104,5778,23,0
45104,5780,24,1
45203,5781,1,0
45203,5725,2,0
45203,5724,3,0
45203,5779,4,0
45203,5726,5,0
45203,5782,6,0
45203,5776,7,0
45203,5775,8,0
45203,5772,9,0
45203,5771,10,0
45203,5773,11,0
45203,5774,12,0
45203,5777,13,0
45203,5770,14,0
45203,5756,15,0
45203,5753,16,0
45203,5742,17,0
45203,5738,18,0
45203,5734,19,0
45203,5731,20,0
45203,5729,21,0
45203,5728,22,0
45203,5722,23,0
45203,5721,24,0
45203,5712,25,0
45203,5693,26,0
45203,5687,27,0
45203,5669,28,0
45203,5784,29,0
45203,5785,30,1
45204,5784,1,0
45204,5670,2,0
45204,5690,3,0
45204,5704,4,0
45204,5717,5,0
45204,5723,6,0
45204,5727,7,0
45204,5730,8,0
45204,5732,9,0
45204,5735,10,0
45204,5737,11,0
45204,5750,12,0
45204,5757,13,0
45204,5776,14,0
45204,5775,15,0
45204,5772,16,0
45204,5771,17,0
45204,5773,18,0
45204,5774,19,0
45204,5777,20,0
45204,5778,21,0
45204,5781,22,1
45303,5763,1,0
45303,5765,2,0
45303,5767,3,0
45303,5768,4,0
45303,5770,5,0
45303,5756,6,0
45303,5753,7,0
45303,5742,8,0
45303,5738,9,0
45303,5734,10,0
45303,5731,11,0
45303,5729,12,0
45303,5728,13,0
45303,5722,14,0
45303,5721,15,0
45303,5712,16,0
45303,5693,17,0
45303,5687,18,0
45303,5669,19,0
45303,5784,20,1
45304,5784,1,0
45304,5670,2,0
45304,5690,3,0
45304,5704,4,0
45304,5717,5,0
45304,5723,6,0
45304,5727,7,0
45304,5730,8,0
45304,5732,9,0
45304,5735,10,0
45304,5737,11,0
45304,5740,12,0
45304,5750,13,0
45304,5757,14,0
45304,5769,15,0
45304,5766,16,0
45304,5764,17,0
45304,5762,18,1
45403,5738,1,0
45403,5734,2,0
45403,5731,3,0
45403,5729,4,0
45403,5728,5,0
45403,5722,6,0
45403,5721,7,0
45403,5712,8,0
45403,5693,9,0
45403,5687,10,0
45403,5669,11,0
45403,5784,12,1
45404,5784,1,0
45404,5670,2,0
45404,5690,3,0
45404,5704,4,0
45404,5717,5,0
45404,5723,6,0
45404,5727,7,0
45404,5730,8,0
45404,5732,9,0
45404,5742,10,0
45404,5738,11,1
45503,5785,1,0
45503,5670,2,0
45503,5674,3,0
45503,5678,4,0
45503,5684,5,0
45503,5695,6,0
45503,5700,7,0
45503,5708,8,0
45503,5718,9,0
45503,5720,10,0
45503,5736,11,0
45503,5739,12,0
45503,5746,13,0
45503,5748,14,0
45503,5744,15,0
45503,5741,16,0
45503,5743,17,0
45503,5747,18,0
45503,5749,19,0
45503,5752,20,0
45503,5755,21,0
45503,5754,22,0
45503,5783,23,0
45503,5751,24,0
45503,5760,25,0
45503,5761,26,0
45503,5759,27,0
45503,5758,28,1
45504,5761,1,0
45504,5759,2,0
45504,5758,3,0
45504,5783,4,0
45504,5748,5,0
45504,5744,6,0
45504,5741,7,0
45504,5743,8,0
45504,5747,9,0
45504,5749,10,0
45504,5752,11,0
45504,5755,12,0
45504,5754,13,0
45504,5745,14,0
45504,5739,15,0
45504,5733,16,0
45504,5719,17,0
45504,5705,18,0
45504,5701,19,0
45504,5697,20,0
45504,5669,21,0
45504,5785,22,1
45701,5933,1,0
45701,5670,2,0
45701,5674,3,0
45701,5678,4,0
45701,5812,5,0
45701,5805,6,1
46303,5781,1,0
46303,5725,2,0
46303,5724,3,0
46303,5779,4,0
46303,5726,5,0
46303,5782,6,0
46303,5776,7,0
46303,5775,8,0
46303,5772,9,0
46303,5771,10,0
46303,5773,11,0
46303,5774,12,0
46303,5777,13,0
46303,5770,14,0
46303,5756,15,0
46303,5753,16,0
46303,5742,17,0
46303,5738,18,0
46303,5734,19,0
46303,5721,20,0
46303,5712,21,0
46303,5693,22,0
46303,5687,23,0
46303,5669,24,0
46303,5784,25,1
46703,5785,1,0
46703,5670,2,0
46703,5674,3,0
46703,5678,4,0
46703,5684,5,0
46703,5695,6,0
46703,5700,7,0
46703,5708,8,0
46703,5718,9,0
46703,5720,10,0
46703,5736,11,0
46703,5739,12,0
46703,5746,13,0
46703,5748,14,1
46704,5748,1,0
46704,5744,2,0
46704,5741,3,0
46704,5743,4,0
46704,5747,5,0
46704,5749,6,0
46704,5752,7,0
46704,5755,8,0
46704,5754,9,0
46704,5745,10,0
46704,5739,11,0
46704,5733,12,0
46704,5719,13,0
46704,5705,14,0
46704,5701,15,0
46704,5697,16,0
46704,5669,17,0
46704,5785,18,1
46803,5785,1,0
46803,5670,2,0
46803,5674,3,0
46803,5678,4,0
46803,5812,5,0
46803,5814,6,0
46803,5827,7,0
46803,5837,8,0
46803,5843,9,0
46803,5851,10,0
46803,5864,11,0
46803,5866,12,0
46803,5720,13,0
46803,5736,14,0
46803,5739,15,0
46803,5746,16,0
46803,5783,17,0
46803,5751,18,0
46803,5760,19,0
46803,5761,20,0
46803,5759,21,0
46803,5758,22,1
46804,5758,1,0
46804,5783,2,0
46804,5745,3,0
46804,5739,4,0
46804,5733,5,0
46804,5865,6,0
46804,5861,7,0
46804,5850,8,0
46804,5842,9,0
46804,5836,10,0
46804,5826,11,0
46804,5816,12,0
46804,5805,13,0
46804,5785,14,1
