'2653',1000,65500,4,'',0,6000,4,'',0,2500,4,'',0,6500,4,'',0,2500,4,'',0,2500,4,'',0,7000,4,'',0,2000,4,'',0,6500,4,'',0,2500,4,'',0,6500,4,'',0,3000,4,'',0,2500,4,'',0,6000,4,'',0,2600,4,'',0,6500,4,'',0,2500,4,'',0,2500,4,'',0,6000,4,'',0,3100,4,'',0,6500,4,'',0,2600,4,'',0,6700,4,'',0,2500,4,'',0,2000,4,'',0,6900,4,'',0,2500,4,'',0,6500,4,'',0,2500,4,'',0,2500,4,'',0,7000,4,'',0,2000,4,'',0,6500,4,'',0,2500,4,'',0,6500,4,'',0,3000,4,'',0
'2653',1001,62600,0,'Cheakamus',0,2900,0,'Cheakamus',0,6200,0,'Cheakamus',0,2500,0,'Cheakamus',0,6300,0,'Cheakamus',0,2600,0,'Cheakamus',0,2500,0,'Cheakamus',0,7200,0,'Cheakamus',0,2000,0,'Cheakamus',0,6500,0,'Cheakamus',0,2400,0,'Cheakamus',0,6500,0,'Cheakamus',0,2800,0,'Cheakamus',0,2800,,'',0,6000,,'',0,2600,,'',0,6500,,'',0,2500,,'',0,2500,,'',0,5700,,'',0,3100,,'',0,6500,,'',0,2600,,'',0,6700,,'',0,2500,,'',0,2000,,'',0,6900,,'',0,2600,,'',0,6500,,'',0,2500,,'',0,6500,,'',0,3000,,'',0,2000,,'',0,6500,,'',0,2500,,'',0
'2662',1000,60500,4,'',0,2300,4,'',0,2700,4,'',0,6000,4,'',0,2500,4,'',0,6500,4,'',0,2500,4,'',0,2500,4,'',0,7000,4,'',0,2000,4,'',0,6500,4,'',0,2500,4,'',0,6500,4,'',0,3000,4,'',0,2500,4,'',0,6000,4,'',0,2600,4,'',0,6500,4,'',0,2500,4,'',0,2500,4,'',0,6000,4,'',0,3100,4,'',0,6500,4,'',0,2600,4,'',0,6700,4,'',0,2500,4,'',0,2000,4,'',0,6900,4,'',0,2500,4,'',0,6500,4,'',0,2500,4,'',0,2500,4,'',0,7000,4,'',0,2000,4,'',0,6500,4,'',0,2500,4,'',0,6500,4,'',0,2500,4,'',0,3000,4,'',0,8100,4,'',0
'2662',1001,60500,0,'Cheakamus',0,2300,0,'Cheakamus',0,2700,0,'Cheakamus',0,6200,0,'Cheakamus',0,2500,0,'Cheakamus',0,6300,0,'Cheakamus',0,2600,0,'Cheakamus',0,2500,0,'Cheakamus',0,7200,0,'Cheakamus',0,2000,0,'Cheakamus',0,6500,0,'Cheakamus',0,2400,0,'Cheakamus',0,6500,0,'Cheakamus',0,2800,0,'Cheakamus',0,2800,,'',0,6000,,'',0,2600,,'',0,6500,,'',0,2500,,'',0,2500,,'',0,5700,,'',0,3100,,'',0,6500,,'',0,2600,,'',0,6700,,'',0,2500,,'',0,2000,,'',0,6900,,'',0,2600,,'',0,6500,,'',0,2500,,'',0,6500,,'',0,3000,,'',0,2000,,'',0,6500,,'',0,2500,,'',0,6400,,'',0,2500,,'',0,3000,,'',0,8100,,'',0
'2653',3000,61500,4,'',0,3100,4,'',0,6900,4,'',0,3000,4,'',0,7000,4,'',0,130300,4,'',0,3000,4,'',0,7000,4,'',0,3000,4,'',0,7000,4,'',0,3000,4,'',0,6900,4,'',0,2900,4,'',0,7000,4,'',0,3000,4,'',0,7000,4,'',0,3000,4,'',0,9000,4,'',0
'2653',3001,51800,,'',0,3300,,'',0,6500,,'',0,3000,,'',0,6900,,'',0,3000,,'',0,7000,,'',0,130500,,'',0,3000,,'',0,7000,,'',0,3000,,'',0,7000,,'',0,3000,,'',0,7000,,'',0,3000,,'',0,7000,,'',0,3000,,'',0,7000,,'',0,3000,,'',0
'2662',3000,61500,4,'',0,3100,4,'',0,6900,4,'',0,3000,4,'',0,7000,4,'',0,3100,4,'',0,7300,4,'',0,120100,4,'',0,2800,4,'',0,7000,4,'',0,3000,4,'',0,7000,4,'',0,3000,4,'',0,6900,4,'',0,2900,4,'',0,7000,4,'',0,3000,4,'',0,7000,4,'',0,3500,4,'',0,8500,4,'',0
'2662',3001,51700,,'',0,3000,,'',0,6900,,'',0,3000,,'',0,6900,,'',0,3000,,'',0,7000,,'',0,3100,,'',0,7300,,'',0,120100,,'',0,3000,,'',0,7000,,'',0,3000,,'',0,7000,,'',0,3000,,'',0,7000,,'',0,3000,,'',0,7000,,'',0,3000,,'',0,7000,,'',0,3100,,'',0
'2662',3200,75200,4,'',0,8500,4,'',0,68600,4,'',0,9000,4,'',0
'2662',3201,70800,,'',0,4400,,'',0,8500,,'',0,68600,,'',0,9000,,'',0
