'2653',2000,124600,4,'',0,7000,4,'',0,3000,4,'',0,7000,4,'',0,3000,4,'',0,7100,4,'',0,3000,4,'',0,7000,4,'',0,3000,4,'',0,7000,4,'',0,3000,4,'',0,7000,4,'',0,2900,4,'',0,6800,4,'',0,3000,4,'',0,7000,4,'',0,3000,4,'',0,7000,4,'',0,3000,4,'',0,7000,4,'',0,3000,4,'',0,7000,4,'',0,3000,4,'',0,7000,4,'',0,3000,4,'',0,6900,4,'',0,3000,4,'',0,7000,4,'',0,3000,4,'',0,6500,4,'',0
'2662',2000,124600,4,'',0,7000,4,'',0,3000,4,'',0,7000,4,'',0,3000,4,'',0,7100,4,'',0,3000,4,'',0,7000,4,'',0,3000,4,'',0,7000,4,'',0,3000,4,'',0,7000,4,'',0,2900,4,'',0,6800,4,'',0,3000,4,'',0,7000,4,'',0,3000,4,'',0,7000,4,'',0,3000,4,'',0,7000,4,'',0,3000,4,'',0,7000,4,'',0
'2653',3000,55400,0,'Emerald',0,7100,0,'Emerald',0,2900,0,'Emerald',0,7000,0,'Emerald',0,3000,0,'Emerald',0,129600,,'',0,7000,,'',0,3000,,'',0,7000,,'',0,3000,,'',0,7000,,'',0,3000,,'',0,7000,,'',0,3000,,'',0,7000,,'',0,3000,,'',0,7000,,'',0,9000,,'',0
'2653',3001,54100,4,'',0,7300,4,'',0,2700,4,'',0,7100,4,'',0,2900,4,'',0,7000,4,'',0,3000,4,'',0,129500,4,'',0,7000,4,'',0,3000,4,'',0,7000,4,'',0,3000,4,'',0,7000,4,'',0,3000,4,'',0,7000,4,'',0,3000,4,'',0,7000,4,'',0,3000,4,'',0,7000,4,'',0
'2662',3000,55400,0,'Emerald',0,7100,0,'Emerald',0,2900,0,'Emerald',0,7000,0,'Emerald',0,3000,0,'Emerald',0,7000,0,'Emerald',0,3300,0,'Emerald',0,119500,,'',0,6800,,'',0,3000,,'',0,7000,,'',0,3000,,'',0,7000,,'',0,3000,,'',0,7000,,'',0,3000,,'',0,7000,,'',0,3000,,'',0,7500,,'',0,8500,,'',0
'2662',3001,54000,4,'',0,7000,4,'',0,3100,4,'',0,7100,4,'',0,2900,4,'',0,7000,4,'',0,3000,4,'',0,7100,4,'',0,3300,4,'',0,119100,4,'',0,7000,4,'',0,3000,4,'',0,7000,4,'',0,3000,4,'',0,7000,4,'',0,3000,4,'',0,7000,4,'',0,3000,4,'',0,7000,4,'',0,3000,4,'',0,7100,4,'',0
'2653',3100,83700,,'',0,8100,,'',0,4000,,'',0,8200,,'',0,8000,,'',0,8000,,'',0,4000,,'',0,7500,,'',0,8500,,'',0,4000,,'',0,8200,,'',0,8300,,'',0,4000,,'',0,8000,,'',0,8000,,'',0,4000,,'',0,8000,,'',0,8200,,'',0
'2653',3101,91000,4,'',0,4000,4,'',0,8000,4,'',0,8200,4,'',0,4000,4,'',0,8000,4,'',0,8000,4,'',0,3600,4,'',0,8400,4,'',0,8100,4,'',0,4300,4,'',0,8300,4,'',0,8000,4,'',0,4000,4,'',0,7800,4,'',0,8000,4,'',0,3900,4,'',0,8200,4,'',0,7500,4,'',0
'2662',3100,93000,,'',0,7000,,'',0,4200,,'',0,7800,,'',0,8000,,'',0,3500,,'',0,8100,,'',0,8400,,'',0,3500,,'',0,8700,,'',0,8300,,'',0,4200,,'',0,7800,,'',0,8000,,'',0,4200,,'',0,7800,,'',0,8200,,'',0
'2662',3101,100200,4,'',0,3000,4,'',0,8200,4,'',0,3800,4,'',0,8000,4,'',0,7500,4,'',0,4100,4,'',0,8400,4,'',0,7600,4,'',0,4800,4,'',0,8300,4,'',0,8200,4,'',0,3800,4,'',0,7800,4,'',0,8200,4,'',0,3700,4,'',0,8200,4,'',0,7500,4,'',0
'2662',3200,73000,,'',0,8500,,'',0,68500,,'',0,5000,,'',0
'2662',3201,72500,4,'',0,8400,4,'',0,4500,4,'',0,68600,4,'',0,9000,4,'',0
'2653',3300,64700,,'',0,9400,,'',0,7900,,'',0,9200,,'',0,3900,,'',0,7700,,'',0,8200,,'',0,4000,,'',0,8000,,'',0,8000,,'',0,4000,,'',0,8000,,'',0,8500,,'',0,4200,,'',0,9300,,'',0,8500,,'',0,9000,,'',0,9000,,'',0
'2653',3301,72100,4,'',0,9400,4,'',0,4000,4,'',0,9100,4,'',0,7900,4,'',0,7700,4,'',0,4200,4,'',0,8000,4,'',0,8000,4,'',0,4000,4,'',0,8100,4,'',0,8100,4,'',0,4500,4,'',0,8200,4,'',0,9300,4,'',0,8500,4,'',0,9000,4,'',0,4900,4,'',0
