47001,6081,1,0
47001,5949,2,0
47001,5954,3,0
47001,5958,4,0
47001,5960,5,0
47001,5953,6,1
47100,6082,1,0
47100,5947,2,0
47100,5952,3,0
47100,5957,4,0
47100,5968,5,0
47100,5977,6,0
47100,5983,7,0
47100,5992,8,0
47100,5996,9,0
47100,6002,10,0
47100,5995,11,0
47100,5989,12,0
47100,5976,13,0
47100,5972,14,0
47100,5966,15,0
47100,5965,16,0
47100,5961,17,0
47100,5963,18,0
47100,5971,19,0
47100,5969,20,0
47100,5959,21,0
47100,5955,22,0
47100,5946,23,1
47201,6083,1,0
47201,5949,2,0
47201,5954,3,0
47201,5958,4,0
47201,5967,5,0
47201,5980,6,0
47201,6000,7,0
47201,6005,8,0
47201,6006,9,0
47201,6004,10,0
47201,6007,11,0
47201,6001,12,0
47201,5981,13,0
47201,5979,14,0
47201,5986,15,0
47201,5978,16,0
47201,5970,17,0
47201,5948,18,1
47300,6084,1,0
47300,5943,2,0
47300,5945,3,0
47300,5950,4,0
47300,5956,5,0
47300,5951,6,0
47300,5944,7,0
47300,5942,8,1
47403,6076,1,0
47403,6020,2,0
47403,6019,3,0
47403,6074,4,0
47403,6021,5,0
47403,6077,6,0
47403,6071,7,0
47403,6070,8,0
47403,6067,9,0
47403,6066,10,0
47403,6068,11,0
47403,6069,12,0
47403,6072,13,0
47403,6065,14,0
47403,6051,15,0
47403,6048,16,0
47403,6088,17,0
47403,6016,18,0
47403,6003,19,0
47403,5978,20,0
47403,5970,21,0
47403,6086,22,0
47403,6015,23,0
47403,6031,24,0
47403,6041,25,0
47403,6078,26,0
47403,6046,27,0
47403,6055,28,0
47403,6056,29,0
47403,6054,30,0
47403,6053,31,1
47404,6056,1,0
47404,6054,2,0
47404,6053,3,0
47404,6078,4,0
47404,6040,5,0
47404,6028,6,0
47404,6011,7,0
47404,5994,8,0
47404,6085,9,0
47404,5973,10,0
47404,5993,11,0
47404,6008,12,0
47404,6087,13,0
47404,6045,14,0
47404,6052,15,0
47404,6071,16,0
47404,6070,17,0
47404,6067,18,0
47404,6066,19,0
47404,6068,20,0
47404,6069,21,0
47404,6072,22,0
47404,6073,23,0
47404,6075,24,1
47503,6076,1,0
47503,6020,2,0
47503,6019,3,0
47503,6074,4,0
47503,6021,5,0
47503,6077,6,0
47503,6071,7,0
47503,6070,8,0
47503,6067,9,0
47503,6066,10,0
47503,6068,11,0
47503,6069,12,0
47503,6072,13,0
47503,6065,14,0
47503,6051,15,0
47503,6048,16,0
47503,6037,17,0
47503,6033,18,0
47503,6029,19,0
47503,6026,20,0
47503,6024,21,0
47503,6023,22,0
47503,6017,23,0
47503,6016,24,0
47503,6003,25,0
47503,5978,26,0
47503,5970,27,0
47503,5948,28,0
47503,6079,29,0
47503,6080,30,1
47504,6079,1,0
47504,5949,2,0
47504,5973,3,0
47504,5993,4,0
47504,6008,5,0
47504,6018,6,0
47504,6022,7,0
47504,6025,8,0
47504,6027,9,0
47504,6030,10,0
47504,6032,11,0
47504,6045,12,0
47504,6052,13,0
47504,6071,14,0
47504,6070,15,0
47504,6067,16,0
47504,6066,17,0
47504,6068,18,0
47504,6069,19,0
47504,6072,20,0
47504,6073,21,0
47504,6076,22,1
47603,6076,1,0
47603,6020,2,0
47603,6019,3,0
47603,6074,4,0
47603,6021,5,0
47603,6077,6,0
47603,6071,7,0
47603,6070,8,0
47603,6067,9,0
47603,6066,10,0
47603,6068,11,0
47603,6069,12,0
47603,6072,13,0
47603,6065,14,0
47603,6051,15,0
47603,6048,16,0
47603,6037,17,0
47603,6033,18,0
47603,6029,19,0
47603,6016,20,0
47603,6003,21,0
47603,5978,22,0
47603,5970,23,0
47603,5948,24,0
47603,6079,25,1
47604,6079,1,0
47604,5949,2,0
47604,5973,3,0
47604,5993,4,0
47604,6008,5,0
47604,6030,6,0
47604,6032,7,0
47604,6035,8,0
47604,6045,9,0
47604,6052,10,0
47604,6071,11,0
47604,6070,12,0
47604,6067,13,0
47604,6066,14,0
47604,6068,15,0
47604,6069,16,0
47604,6072,17,0
47604,6073,18,0
47604,6076,19,1
47703,6058,1,0
47703,6060,2,0
47703,6062,3,0
47703,6063,4,0
47703,6065,5,0
47703,6051,6,0
47703,6048,7,0
47703,6037,8,0
47703,6033,9,0
47703,6029,10,0
47703,6026,11,0
47703,6024,12,0
47703,6023,13,0
47703,6017,14,0
47703,6016,15,0
47703,6003,16,0
47703,5978,17,0
47703,5970,18,0
47703,5948,19,0
47703,6079,20,1
47704,6079,1,0
47704,5949,2,0
47704,5973,3,0
47704,5993,4,0
47704,6008,5,0
47704,6018,6,0
47704,6022,7,0
47704,6025,8,0
47704,6027,9,0
47704,6030,10,0
47704,6032,11,0
47704,6035,12,0
47704,6045,13,0
47704,6052,14,0
47704,6064,15,0
47704,6061,16,0
47704,6059,17,0
47704,6057,18,1
47803,6033,1,0
47803,6029,2,0
47803,6026,3,0
47803,6024,4,0
47803,6023,5,0
47803,6017,6,0
47803,6016,7,0
47803,6003,8,0
47803,5978,9,0
47803,5970,10,0
47803,5948,11,0
47803,6079,12,1
47804,6079,1,0
47804,5949,2,0
47804,5973,3,0
47804,5993,4,0
47804,6008,5,0
47804,6018,6,0
47804,6022,7,0
47804,6025,8,0
47804,6027,9,0
47804,6037,10,0
47804,6033,11,1
47903,6080,1,0
47903,5949,2,0
47903,5954,3,0
47903,5958,4,0
47903,5967,5,0
47903,5980,6,0
47903,5987,7,0
47903,5997,8,0
47903,6010,9,0
47903,6015,10,0
47903,6031,11,0
47903,6034,12,0
47903,6041,13,0
47903,6043,14,0
47903,6039,15,0
47903,6036,16,0
47903,6038,17,0
47903,6042,18,0
47903,6044,19,0
47903,6047,20,0
47903,6050,21,0
47903,6049,22,0
47903,6078,23,0
47903,6046,24,0
47903,6055,25,0
47903,6056,26,0
47903,6054,27,0
47903,6053,28,1
47904,6056,1,0
47904,6054,2,0
47904,6053,3,0
47904,6078,4,0
47904,6043,5,0
47904,6039,6,0
47904,6036,7,0
47904,6038,8,0
47904,6042,9,0
47904,6044,10,0
47904,6047,11,0
47904,6050,12,0
47904,6049,13,0
47904,6040,14,0
47904,6034,15,0
47904,6028,16,0
47904,6011,17,0
47904,5994,18,0
47904,5988,19,0
47904,5982,20,0
47904,5948,21,0
47904,6080,22,1
48003,6080,1,0
48003,5949,2,0
48003,5954,3,0
48003,5958,4,0
48003,5967,5,0
48003,5980,6,0
48003,5987,7,0
48003,5997,8,0
48003,6010,9,0
48003,6015,10,0
48003,6031,11,0
48003,6034,12,0
48003,6041,13,0
48003,6043,14,1
48004,6043,1,0
48004,6039,2,0
48004,6036,3,0
48004,6038,4,0
48004,6042,5,0
48004,6044,6,0
48004,6047,7,0
48004,6050,8,0
48004,6049,9,0
48004,6040,10,0
48004,6034,11,0
48004,6028,12,0
48004,6011,13,0
48004,5994,14,0
48004,5988,15,0
48004,5982,16,0
48004,5948,17,0
48004,6080,18,1
48103,6080,1,0
48103,5949,2,0
48103,5954,3,0
48103,5958,4,0
48103,5960,5,0
48103,5962,6,0
48103,5975,7,0
48103,5985,8,0
48103,5991,9,0
48103,5999,10,0
48103,6012,11,0
48103,6014,12,0
48103,6015,13,0
48103,6031,14,0
48103,6034,15,0
48103,6041,16,0
48103,6078,17,0
48103,6046,18,0
48103,6055,19,0
48103,6056,20,0
48103,6054,21,0
48103,6053,22,1
48104,6053,1,0
48104,6078,2,0
48104,6040,3,0
48104,6034,4,0
48104,6028,5,0
48104,6013,6,0
48104,6009,7,0
48104,5998,8,0
48104,5990,9,0
48104,5984,10,0
48104,5974,11,0
48104,5964,12,0
48104,5953,13,0
48104,6080,14,1
