1001,'5183',1344,,325,3,,,0,159,,329,3,,,0,28,,327,3,,,0,85,,330,3,,,0,20,,333,3,,,0,21,,349,3,,,0,82,,336,3,,,0,65,,348,3,,,0,24,,337,3,,,0,96,,334,3,,,0,23,,338,3,,,0,96,,332,3,,,0,64,,342,3,,,0,95,,343,3,,,0
1001,'5184',610,,1116,3,0,6,0,24,,1096,3,0,6,0,24,,1118,3,0,6,0,64,,1098,3,0,6,0,25,,1099,3,0,6,0,66,,1097,3,0,6,0,26,,1101,3,0,6,0,65,,1120,3,0,6,0,25,,1100,3,0,6,0,25,,1103,3,0,6,0,65,,1121,3,0,6,0,26,,1104,3,0,6,0,65,,1105,3,0,6,0,25,,1102,3,0,6,0,65,,1106,3,,,0,25,,1107,3,,,0,29,,1108,3,,,0,65,,1109,3,,,0,92,,1110,3,,,0,25,,1111,3,,,0,120,,1112,3,,,0,163,,1113,3,,,0,139,,1114,3,,,0,156,,1117,3,,,0,117,,1115,3,,,0,113,,1119,3,,,0
1001,'5185',610,,1152,3,0,6,0,24,,1122,3,0,6,0,24,,1156,3,0,6,0,64,,1124,3,0,6,0,25,,1125,3,0,6,0,66,,1123,3,0,6,0,26,,1127,3,0,6,0,65,,1160,3,0,6,0,24,,1126,3,0,6,0,26,,1129,3,0,6,0,65,,1161,3,0,6,0,26,,1130,3,0,6,0,65,,1131,3,0,6,0,25,,1128,3,0,6,0,65,,1132,3,,,0,25,,1133,3,,,0,29,,1134,3,,,0,65,,1136,3,,,0,25,,1137,3,,,0,67,,1135,3,,,0,25,,1138,3,,,0,67,,1141,3,,,0,28,,1139,3,,,0,25,,1140,3,,,0,60,,1142,3,,,0,21,,1145,3,,,0,21,,1158,3,,,0,61,,1143,3,,,0,20,,1148,3,,,0,65,,1157,3,,,0,24,,1149,3,,,0,30,,1147,3,,,0,66,,1146,3,,,0,23,,1150,3,,,0,67,,1153,3,,,0,28,,1144,3,,,0,64,,1154,3,,,0,25,,1151,3,,,0,69,,1155,3,,,0,44,,1159,3,,,0
3001,'5184',529,,1513,14,,,0,71,,1514,14,,,0,1432,,1527,12,,,0,70,,1528,12,,,0,22,,1515,3,,,0,30,,1519,3,,,0,70,,1516,3,,,0,30,,1518,3,,,0,70,,1517,3,,,0,30,,1520,3,,,0,69,,1521,3,,,0,29,,1522,3,,,0,70,,1523,3,,,0,29,,1524,3,,,0,76,,1525,3,,,0,30,,1526,3,,,0
3001,'5185',529,,1530,14,,,0,30,,1537,14,,,0,1474,,1539,12,,,0,70,,1538,12,,,0,21,,1542,3,,,0,30,,1540,3,,,0,70,,1544,3,,,0,30,,1543,3,,,0,70,,1541,3,,,0,30,,1533,3,,,0,69,,1532,3,,,0,29,,1535,3,,,0,70,,1529,3,,,0,30,,1531,3,,,0,75,,1534,3,,,0,32,,1536,3,,,0
3101,'5183',855,,610,10,,,0,146,,579,10,,,0,42,,580,10,,,0,81,,578,10,,,0,418,,605,10,,,0,307,,587,10,,,0
3101,'5184',631,,1602,10,,,0,19,,1611,10,,,0,55,,1603,10,,,0,15,,1608,10,,,0,15,,1604,10,,,0,15,,1609,10,,,0,55,,1605,10,,,0,18,,1610,10,,,0,15,,1606,10,,,0,75,,1607,10,,,0,23,,1616,10,,,0,87,,1617,10,,,0,182,,1590,10,,,0,41,,1589,10,,,0,81,,1593,10,,,0,81,,1591,10,,,0,42,,1592,10,,,0,77,,1594,10,,,0,30,,1600,10,,,0,55,,1613,10,,,0,15,,1595,10,,,0,15,,1614,10,,,0,16,,1596,10,,,0,55,,1615,10,,,0,15,,1601,10,,,0,19,,1612,10,,,0,65,,1599,10,,,0,118,,1597,10,,,0,73,,1598,10,,,0
3101,'5185',631,,1638,10,,,0,74,,1635,10,,,0,30,,1631,10,,,0,74,,1625,10,,,0,31,,1629,10,,,0,77,,1628,10,,,0,41,,1634,10,,,0,85,,1618,10,,,0,81,,1619,10,,,0,81,,1633,10,,,0,41,,1621,10,,,0,81,,1622,10,,,0,81,,1620,10,,,0,42,,1632,10,,,0,77,,1636,10,,,0,30,,1637,10,,,0,70,,1623,10,,,0,31,,1630,10,,,0,70,,1640,10,,,0,86,,1626,10,,,0,35,,1624,10,,,0,81,,1639,10,,,0,73,,1627,10,,,0
3201,'5184',634,,1670,3,,,0,70,,1664,3,,,0,30,,1671,3,,,0,70,,1672,3,,,0,31,,1669,3,,,0,70,,1668,3,,,0,30,,1676,3,,,0,70,,1677,3,,,0,29,,1675,3,,,0,512,,1665,3,,,0,70,,1674,3,,,0,30,,1673,3,,,0,70,,1667,3,,,0,30,,1666,3,,,0
3201,'5185',634,,1686,3,,,0,70,,1680,3,,,0,30,,1684,3,,,0,70,,1687,3,,,0,31,,1683,3,,,0,70,,1682,3,,,0,641,,1679,3,,,0,70,,1688,3,,,0,30,,1685,3,,,0,70,,1678,3,,,0,30,,1681,3,,,0
3301,'5184',1104,,1700,10,,,0,43,,1701,10,,,0,80,,1702,10,,,0,80,,1699,10,,,0,44,,1704,10,,,0,79,,1705,10,,,0,79,,1708,10,,,0,320,,1706,10,,,0,82,,1703,10,,,0,41,,1707,10,,,0
