1001,'5183',1358,,325,13,,,0,159,,329,13,,,0,29,,327,13,,,0,85,,330,13,,,0,20,,333,13,,,0,61,,349,13,,,0,42,,336,13,,,0,65,,348,13,,,0,24,,337,13,,,0,96,,334,13,,,0,63,,338,13,,,0,56,,332,13,,,0,64,,342,13,,,0,95,,343,13,,,0
1001,'5184',622,,1116,13,0,6,0,24,,1096,13,0,6,0,65,,1118,13,0,6,0,25,,1098,13,0,6,0,65,,1099,13,0,6,0,26,,1097,13,0,6,0,26,,1101,13,0,6,0,65,,1120,13,0,6,0,25,,1100,13,0,6,0,65,,1103,13,0,6,0,25,,1121,13,0,6,0,26,,1104,13,0,6,0,65,,1105,13,0,6,0,25,,1102,13,0,6,0,65,,1106,13,,,0,25,,1107,13,,,0,69,,1108,13,,,0,25,,1109,13,,,0,92,,1110,13,,,0,25,,1111,13,,,0,161,,1112,13,,,0,123,,1113,13,,,0,179,,1114,13,,,0,116,,1117,13,,,0,117,,1115,13,,,0,113,,1119,13,,,0
1001,'5185',622,,1152,13,0,6,0,24,,1122,13,0,6,0,65,,1156,13,0,6,0,25,,1124,13,0,6,0,65,,1125,13,0,6,0,26,,1123,13,0,6,0,26,,1127,13,0,6,0,65,,1160,13,0,6,0,24,,1126,13,0,6,0,66,,1129,13,0,6,0,25,,1161,13,0,6,0,26,,1130,13,0,6,0,65,,1131,13,0,6,0,25,,1128,13,0,6,0,65,,1132,13,,,0,25,,1133,13,,,0,69,,1134,13,,,0,25,,1136,13,,,0,25,,1137,13,,,0,67,,1135,13,,,0,25,,1138,13,,,0,67,,1141,13,,,0,29,,1139,13,,,0,65,,1140,13,,,0,20,,1142,13,,,0,21,,1145,13,,,0,61,,1158,13,,,0,21,,1143,13,,,0,20,,1148,13,,,0,65,,1157,13,,,0,24,,1149,13,,,0,70,,1147,13,,,0,26,,1146,13,,,0,63,,1150,13,,,0,27,,1153,13,,,0,28,,1144,13,,,0,64,,1154,13,,,0,25,,1151,13,,,0,69,,1155,13,,,0,44,,1159,13,,,0
2001,'5184',559,,1252,13,,,0,70,,1250,13,,,0,29,,1253,13,,,0,70,,1251,13,,,0,30,,1256,13,,,0,70,,1255,13,,,0,31,,1254,13,,,0,70,,1257,13,,,0,30,,1258,13,,,0,70,,1259,13,,,0,30,,1260,13,,,0,70,,1261,13,,,0,74,,1262,13,,,0,30,,1265,13,,,0,70,,1264,13,,,0,30,,1263,13,,,0,70,,1266,13,,,0,31,,1268,13,,,0,70,,1269,13,,,0,29,,1267,13,,,0,70,,1270,13,,,0,30,,1271,13,,,0,70,,1272,13,,,0,30,,1273,13,,,0,69,,1274,13,,,0,30,,1275,13,,,0,70,,1277,13,,,0,30,,1276,13,,,0,70,,1278,13,,,0,30,,1279,13,,,0,70,,1280,14,,,0,30,,1292,14,,,0,70,,1291,14,,,0,30,,1290,14,,,0,69,,1289,14,,,0,29,,1288,14,,,0,70,,1287,14,,,0,30,,1286,14,,,0,70,,1285,14,,,0,29,,1283,14,,,0,30,,1282,14,,,0,70,,1284,14,,,0,30,,1295,14,,,0,65,,1281,14,,,0
2001,'5185',559,,1298,13,,,0,70,,1296,13,,,0,29,,1299,13,,,0,70,,1297,13,,,0,30,,1302,13,,,0,70,,1301,13,,,0,31,,1300,13,,,0,70,,1303,13,,,0,30,,1304,13,,,0,70,,1305,13,,,0,30,,1306,13,,,0,70,,1307,13,,,0,75,,1308,13,,,0,30,,1311,13,,,0,70,,1310,13,,,0,30,,1309,13,,,0,69,,1312,13,,,0,31,,1314,13,,,0,70,,1315,13,,,0,29,,1313,13,,,0,70,,1316,13,,,0,30,,1317,13,,,0,70,,1318,13,,,0,30,,1319,13,,,0,69,,1320,13,,,0,30,,1321,13,,,0,71,,1323,13,,,0,30,,1322,13,,,0,70,,1324,13,,,0,30,,1325,13,,,0,70,,1326,14,,,0,30,,1338,14,,,0,70,,1337,14,,,0,30,,1336,14,,,0,68,,1335,14,,,0,29,,1334,14,,,0,70,,1333,14,,,0,30,,1332,14,,,0,70,,1331,14,,,0,26,,1329,14,,,0,30,,1328,14,,,0,70,,1330,14,,,0,30,,1340,14,,,0,70,,1327,14,,,0
2101,'5183',1921,,487,13,,,0,30,,505,13,,,0,270,,492,14,,,0,129,,509,14,,,0
2101,'5184',716,,1408,13,,,0,30,,1439,13,,,0,72,,1410,13,,,0,31,,1425,13,,,0,70,,1412,13,,,0,30,,1427,13,,,0,70,,1409,13,,,0,30,,1426,13,,,0,70,,1414,13,,,0,30,,1428,13,,,0,73,,1411,13,,,0,30,,1431,13,,,0,70,,1413,13,,,0,30,,1432,13,,,0,71,,1415,13,,,0,30,,1430,13,,,0,68,,1416,13,,,0,30,,1429,13,,,0,70,,1417,13,,,0,30,,1433,13,,,0,70,,1418,13,,,0,30,,1434,13,,,0,70,,1419,13,,,0,30,,1435,13,,,0,170,,1420,13,,,0,30,,1436,14,,,0,70,,1424,14,,,0,30,,1437,14,,,0,100,,1438,14,,,0,69,,1423,14,,,0,100,,1421,14,,,0,99,,1422,14,,,0
2101,'5185',716,,1440,13,,,0,30,,1460,13,,,0,70,,1442,13,,,0,33,,1461,13,,,0,70,,1444,13,,,0,30,,1463,13,,,0,70,,1441,13,,,0,30,,1462,13,,,0,70,,1446,13,,,0,30,,1464,13,,,0,73,,1443,13,,,0,30,,1467,13,,,0,70,,1445,13,,,0,30,,1468,13,,,0,71,,1447,13,,,0,30,,1466,13,,,0,67,,1448,13,,,0,30,,1465,13,,,0,70,,1449,13,,,0,30,,1469,13,,,0,70,,1450,13,,,0,30,,1470,13,,,0,70,,1451,13,,,0,32,,1471,13,,,0,70,,1452,13,,,0,30,,1472,13,,,0,70,,1453,13,,,0,30,,1473,14,,,0,70,,1458,14,,,0,30,,1474,14,,,0,70,,1457,14,,,0,30,,1475,14,,,0,69,,1456,14,,,0,30,,1459,14,,,0,70,,1454,14,,,0,95,,1455,14,,,0
24002001,'5184',812,,1732,9,,,0,30,,1746,9,,,0,70,,1733,9,,,0,30,,1742,9,,,0,70,,1734,9,,,0,30,,1743,9,,,0,70,,1735,9,,,0,30,,1750,9,,,0,72,,1736,9,,,0,30,,1744,9,,,0,70,,1737,9,,,0,30,,1749,9,,,0,70,,1738,9,,,0,31,,1747,9,,,0,70,,1739,9,,,0,30,,1745,9,,,0,70,,1740,9,,,0,30,,1748,9,,,0,70,,1741,9,,,0,30,,1731,9,,,0,70,,1751,9,,,0
24002001,'5185',1745,,1752,9,,,0
