1000,'5183',1328,,285,25,0,5,0,119,,297,25,0,5,0,68,,286,25,0,5,0,85,,290,25,0,5,0,20,,289,25,0,5,0,21,,309,25,0,5,0,82,,292,25,0,5,0,25,,308,25,0,5,0,64,,294,25,0,5,0,96,,295,25,0,5,0,24,,296,25,0,5,0,97,,291,25,0,5,0,24,,302,25,0,5,0,96,,303,25,0,5,0
1000,'5184',556,,1050,22,,,0,64,,1030,22,,,0,24,,1052,22,,,0,64,,1033,22,,,0,25,,1031,22,,,0,25,,1032,22,,,0,66,,1035,22,,,0,25,,1055,22,,,0,65,,1034,22,,,0,25,,1038,22,,,0,65,,1054,22,,,0,25,,1036,22,,,0,25,,1040,22,,,0,65,,1039,22,,,0,25,,1037,22,,,0,65,,1041,22,,,0,29,,1042,25,0,5,0,65,,1043,25,0,5,0,52,,1044,25,0,5,0,65,,1045,25,0,5,0,120,,1046,25,0,5,0,163,,1047,25,0,5,0,139,,1048,25,0,5,0,117,,1049,25,0,5,0,159,,1051,25,0,5,0,113,,1053,25,0,5,0
1000,'5185',556,,1086,22,,,0,64,,1056,22,,,0,24,,1094,22,,,0,64,,1059,22,,,0,25,,1057,22,,,0,25,,1058,22,,,0,66,,1061,22,,,0,25,,1093,22,,,0,64,,1060,22,,,0,26,,1064,22,,,0,65,,1090,22,,,0,25,,1062,22,,,0,25,,1066,22,,,0,65,,1065,22,,,0,25,,1063,22,,,0,65,,1067,22,,,0,29,,1068,25,0,5,0,65,,1069,25,0,5,0,25,,1070,25,0,5,0,27,,1071,25,0,5,0,65,,1073,25,0,5,0,27,,1074,25,0,5,0,68,,1072,25,0,5,0,25,,1075,25,0,5,0,60,,1077,25,0,5,0,21,,1076,25,0,5,0,21,,1092,25,0,5,0,61,,1080,25,0,5,0,20,,1079,25,0,5,0,25,,1091,25,0,5,0,64,,1081,25,0,5,0,30,,1083,25,0,5,0,66,,1082,25,0,5,0,24,,1085,25,0,5,0,27,,1084,25,0,5,0,69,,1078,25,0,5,0,24,,1088,25,0,5,0,65,,1087,25,0,5,0,30,,1089,25,0,5,0,84,,1095,25,0,5,0
1001,'5183',1341,,325,2,,,0,159,,329,2,,,0,28,,327,2,,,0,85,,330,2,,,0,20,,333,2,,,0,21,,349,2,,,0,82,,336,2,,,0,65,,348,2,,,0,24,,337,2,,,0,96,,334,2,,,0,24,,338,2,,,0,96,,332,2,,,0,64,,342,2,,,0,95,,343,2,,,0
1001,'5184',608,,1116,2,0,6,0,24,,1096,2,0,6,0,24,,1118,2,0,6,0,64,,1098,2,0,6,0,25,,1099,2,0,6,0,66,,1097,2,0,6,0,26,,1101,2,0,6,0,65,,1120,2,0,6,0,25,,1100,2,0,6,0,25,,1103,2,0,6,0,65,,1121,2,0,6,0,25,,1104,2,0,6,0,65,,1105,2,0,6,0,25,,1102,2,0,6,0,25,,1106,2,,,0,65,,1107,2,,,0,29,,1108,2,,,0,65,,1109,2,,,0,92,,1110,2,,,0,25,,1111,2,,,0,120,,1112,2,,,0,163,,1113,2,,,0,139,,1114,2,,,0,157,,1117,2,,,0,117,,1115,2,,,0,113,,1119,2,,,0
1001,'5185',608,,1152,2,0,6,0,24,,1122,2,0,6,0,24,,1156,2,0,6,0,64,,1124,2,0,6,0,25,,1125,2,0,6,0,66,,1123,2,0,6,0,26,,1127,2,0,6,0,65,,1160,2,0,6,0,24,,1126,2,0,6,0,26,,1129,2,0,6,0,65,,1161,2,0,6,0,25,,1130,2,0,6,0,65,,1131,2,0,6,0,25,,1128,2,0,6,0,25,,1132,2,,,0,65,,1133,2,,,0,29,,1134,2,,,0,65,,1136,2,,,0,25,,1137,2,,,0,67,,1135,2,,,0,25,,1138,2,,,0,67,,1141,2,,,0,28,,1139,2,,,0,25,,1140,2,,,0,60,,1142,2,,,0,21,,1145,2,,,0,21,,1158,2,,,0,61,,1143,2,,,0,20,,1148,2,,,0,65,,1157,2,,,0,24,,1149,2,,,0,30,,1147,2,,,0,66,,1146,2,,,0,24,,1150,2,,,0,67,,1153,2,,,0,28,,1144,2,,,0,64,,1154,2,,,0,25,,1151,2,,,0,29,,1155,2,,,0,84,,1159,2,,,0
3000,'5184',621,,1479,13,0,5,0,30,,1493,13,0,5,0,1360,,1495,22,,,0,30,,1494,22,,,0,71,,1481,22,,,0,30,,1485,22,,,0,70,,1480,22,,,0,30,,1484,22,,,0,70,,1482,22,,,0,30,,1483,22,,,0,69,,1486,22,,,0,29,,1487,22,,,0,70,,1488,22,,,0,29,,1489,22,,,0,76,,1490,22,,,0,30,,1491,22,,,0,84,,1492,22,,,0
3000,'5185',621,,1506,13,0,5,0,30,,1498,13,0,5,0,1361,,1505,22,,,0,30,,1507,22,,,0,70,,1497,22,,,0,30,,1508,22,,,0,70,,1510,22,,,0,30,,1509,22,,,0,70,,1511,22,,,0,30,,1504,22,,,0,69,,1512,22,,,0,29,,1500,22,,,0,70,,1502,22,,,0,30,,1501,22,,,0,75,,1503,22,,,0,32,,1496,22,,,0,82,,1499,22,,,0
3001,'5184',520,,1513,4,,,0,31,,1514,4,,,0,1470,,1527,2,,,0,30,,1528,2,,,0,71,,1515,2,,,0,30,,1519,2,,,0,70,,1516,2,,,0,30,,1518,2,,,0,70,,1517,2,,,0,30,,1520,2,,,0,69,,1521,2,,,0,29,,1522,2,,,0,70,,1523,2,,,0,29,,1524,2,,,0,76,,1525,2,,,0,30,,1526,2,,,0
3001,'5185',520,,1530,4,,,0,30,,1537,4,,,0,1472,,1539,2,,,0,30,,1538,2,,,0,70,,1542,2,,,0,30,,1540,2,,,0,70,,1544,2,,,0,30,,1543,2,,,0,70,,1541,2,,,0,30,,1533,2,,,0,69,,1532,2,,,0,29,,1535,2,,,0,70,,1529,2,,,0,30,,1531,2,,,0,75,,1534,2,,,0,32,,1536,2,,,0
3200,'5184',721,,1646,17,,,0,30,,1647,17,,,0,71,,1644,17,,,0,30,,1645,17,,,0,70,,1652,17,,,0,30,,1653,17,,,0,69,,1651,17,,,0,512,,1642,17,,,0,70,,1648,17,,,0,30,,1649,17,,,0,70,,1641,17,,,0,30,,1643,17,,,0,25,,1650,17,,,0
3200,'5185',721,,1661,17,,,0,30,,1662,17,,,0,71,,1654,17,,,0,30,,1655,17,,,0,681,,1656,17,,,0,70,,1658,17,,,0,30,,1663,17,,,0,70,,1659,17,,,0,30,,1657,17,,,0,25,,1660,17,,,0
3201,'5184',631,,1670,2,,,0,70,,1664,2,,,0,30,,1671,2,,,0,70,,1672,2,,,0,31,,1669,2,,,0,70,,1668,2,,,0,30,,1676,2,,,0,70,,1677,2,,,0,29,,1675,2,,,0,512,,1665,2,,,0,70,,1674,2,,,0,30,,1673,2,,,0,70,,1667,2,,,0,30,,1666,2,,,0
3201,'5185',631,,1686,2,,,0,70,,1680,2,,,0,30,,1684,2,,,0,70,,1687,2,,,0,31,,1683,2,,,0,70,,1682,2,,,0,641,,1679,2,,,0,70,,1688,2,,,0,30,,1685,2,,,0,70,,1678,2,,,0,30,,1681,2,,,0
