1001,'5183',1345,,325,4,,,0,159,,329,4,,,0,28,,327,4,,,0,85,,330,4,,,0,20,,333,4,,,0,21,,349,4,,,0,82,,336,4,,,0,65,,348,4,,,0,24,,337,4,,,0,96,,334,4,,,0,23,,338,4,,,0,96,,332,4,,,0,64,,342,4,,,0,95,,343,4,,,0
1001,'5184',611,,1116,4,0,6,0,24,,1096,4,0,6,0,24,,1118,4,0,6,0,64,,1098,4,0,6,0,25,,1099,4,0,6,0,66,,1097,4,0,6,0,26,,1101,4,0,6,0,65,,1120,4,0,6,0,25,,1100,4,0,6,0,25,,1103,4,0,6,0,65,,1121,4,0,6,0,26,,1104,4,0,6,0,65,,1105,4,0,6,0,25,,1102,4,0,6,0,65,,1106,4,,,0,25,,1107,4,,,0,29,,1108,4,,,0,65,,1109,4,,,0,92,,1110,4,,,0,25,,1111,4,,,0,120,,1112,4,,,0,163,,1113,4,,,0,139,,1114,4,,,0,156,,1117,4,,,0,117,,1115,4,,,0,113,,1119,4,,,0
1001,'5185',611,,1152,4,0,6,0,24,,1122,4,0,6,0,24,,1156,4,0,6,0,64,,1124,4,0,6,0,25,,1125,4,0,6,0,66,,1123,4,0,6,0,26,,1127,4,0,6,0,65,,1160,4,0,6,0,24,,1126,4,0,6,0,26,,1129,4,0,6,0,65,,1161,4,0,6,0,26,,1130,4,0,6,0,65,,1131,4,0,6,0,25,,1128,4,0,6,0,65,,1132,4,,,0,25,,1133,4,,,0,29,,1134,4,,,0,65,,1136,4,,,0,25,,1137,4,,,0,67,,1135,4,,,0,25,,1138,4,,,0,67,,1141,4,,,0,28,,1139,4,,,0,25,,1140,4,,,0,60,,1142,4,,,0,21,,1145,4,,,0,21,,1158,4,,,0,61,,1143,4,,,0,20,,1148,4,,,0,65,,1157,4,,,0,24,,1149,4,,,0,30,,1147,4,,,0,66,,1146,4,,,0,23,,1150,4,,,0,67,,1153,4,,,0,28,,1144,4,,,0,64,,1154,4,,,0,25,,1151,4,,,0,69,,1155,4,,,0,44,,1159,4,,,0
3001,'5184',531,,1513,16,,,0,71,,1514,16,,,0,1432,,1527,14,,,0,70,,1528,14,,,0,22,,1515,5,,,0,30,,1519,5,,,0,70,,1516,5,,,0,30,,1518,5,,,0,70,,1517,5,,,0,30,,1520,5,,,0,69,,1521,5,,,0,29,,1522,5,,,0,70,,1523,5,,,0,29,,1524,5,,,0,76,,1525,5,,,0,30,,1526,5,,,0
3001,'5185',531,,1530,16,,,0,70,,1537,16,,,0,1434,,1539,14,,,0,70,,1538,14,,,0,21,,1542,5,,,0,30,,1540,5,,,0,70,,1544,5,,,0,30,,1543,5,,,0,70,,1541,5,,,0,30,,1533,5,,,0,69,,1532,5,,,0,29,,1535,5,,,0,70,,1529,5,,,0,30,,1531,5,,,0,75,,1534,5,,,0,72,,1536,5,,,0
3101,'5183',857,,610,12,,,0,146,,579,12,,,0,42,,580,12,,,0,81,,578,12,,,0,418,,605,12,,,0,307,,587,12,,,0
3101,'5184',633,,1602,12,,,0,19,,1611,12,,,0,55,,1603,12,,,0,15,,1608,12,,,0,15,,1604,12,,,0,15,,1609,12,,,0,55,,1605,12,,,0,18,,1610,12,,,0,15,,1606,12,,,0,75,,1607,12,,,0,23,,1616,12,,,0,87,,1617,12,,,0,182,,1590,12,,,0,41,,1589,12,,,0,81,,1593,12,,,0,81,,1591,12,,,0,42,,1592,12,,,0,77,,1594,12,,,0,30,,1600,12,,,0,55,,1613,12,,,0,15,,1595,12,,,0,15,,1614,12,,,0,56,,1596,12,,,0,15,,1615,12,,,0,15,,1601,12,,,0,19,,1612,12,,,0,65,,1599,12,,,0,118,,1597,12,,,0,73,,1598,12,,,0
3101,'5185',633,,1638,12,,,0,74,,1635,12,,,0,30,,1631,12,,,0,74,,1625,12,,,0,31,,1629,12,,,0,77,,1628,12,,,0,81,,1634,12,,,0,45,,1618,12,,,0,81,,1619,12,,,0,81,,1633,12,,,0,41,,1621,12,,,0,81,,1622,12,,,0,81,,1620,12,,,0,42,,1632,12,,,0,77,,1636,12,,,0,30,,1637,12,,,0,70,,1623,12,,,0,71,,1630,12,,,0,30,,1640,12,,,0,86,,1626,12,,,0,35,,1624,12,,,0,81,,1639,12,,,0,73,,1627,12,,,0
3201,'5184',636,,1670,5,,,0,70,,1664,5,,,0,30,,1671,5,,,0,70,,1672,5,,,0,31,,1669,5,,,0,70,,1668,5,,,0,30,,1676,5,,,0,70,,1677,5,,,0,29,,1675,5,,,0,512,,1665,5,,,0,70,,1674,5,,,0,30,,1673,5,,,0,70,,1667,5,,,0,30,,1666,5,,,0
3201,'5185',636,,1686,5,,,0,70,,1680,5,,,0,30,,1684,5,,,0,70,,1687,5,,,0,31,,1683,5,,,0,70,,1682,5,,,0,641,,1679,5,,,0,70,,1688,5,,,0,30,,1685,5,,,0,70,,1678,5,,,0,30,,1681,5,,,0
3301,'5184',1106,,1700,12,,,0,43,,1701,12,,,0,80,,1702,12,,,0,80,,1699,12,,,0,44,,1704,12,,,0,79,,1705,12,,,0,79,,1708,12,,,0,320,,1706,12,,,0,82,,1703,12,,,0,41,,1707,12,,,0
