1001,'5183',1354,,325,10,,,0,159,,329,10,,,0,28,,327,10,,,0,85,,330,10,,,0,20,,333,10,,,0,61,,349,10,,,0,42,,336,10,,,0,65,,348,10,,,0,24,,337,10,,,0,96,,334,10,,,0,23,,338,10,,,0,96,,332,10,,,0,64,,342,10,,,0,95,,343,10,,,0
1001,'5184',619,,1116,10,0,6,0,24,,1096,10,0,6,0,64,,1118,10,0,6,0,25,,1098,10,0,6,0,25,,1099,10,0,6,0,66,,1097,10,0,6,0,26,,1101,10,0,6,0,65,,1120,10,0,6,0,25,,1100,10,0,6,0,65,,1103,10,0,6,0,25,,1121,10,0,6,0,26,,1104,10,0,6,0,65,,1105,10,0,6,0,25,,1102,10,0,6,0,65,,1106,10,,,0,25,,1107,10,,,0,69,,1108,10,,,0,25,,1109,10,,,0,92,,1110,10,,,0,25,,1111,10,,,0,160,,1112,10,,,0,123,,1113,10,,,0,179,,1114,10,,,0,116,,1117,10,,,0,117,,1115,10,,,0,113,,1119,10,,,0
1001,'5185',619,,1152,10,0,6,0,24,,1122,10,0,6,0,64,,1156,10,0,6,0,25,,1124,10,0,6,0,25,,1125,10,0,6,0,66,,1123,10,0,6,0,26,,1127,10,0,6,0,65,,1160,10,0,6,0,24,,1126,10,0,6,0,66,,1129,10,0,6,0,25,,1161,10,0,6,0,26,,1130,10,0,6,0,65,,1131,10,0,6,0,25,,1128,10,0,6,0,65,,1132,10,,,0,25,,1133,10,,,0,69,,1134,10,,,0,25,,1136,10,,,0,25,,1137,10,,,0,67,,1135,10,,,0,25,,1138,10,,,0,67,,1141,10,,,0,28,,1139,10,,,0,65,,1140,10,,,0,20,,1142,10,,,0,21,,1145,10,,,0,61,,1158,10,,,0,21,,1143,10,,,0,20,,1148,10,,,0,65,,1157,10,,,0,24,,1149,10,,,0,70,,1147,10,,,0,26,,1146,10,,,0,23,,1150,10,,,0,67,,1153,10,,,0,28,,1144,10,,,0,64,,1154,10,,,0,25,,1151,10,,,0,69,,1155,10,,,0,44,,1159,10,,,0
2001,'5184',551,,1252,4,,,0,70,,1250,4,,,0,29,,1253,4,,,0,70,,1251,4,,,0,30,,1256,4,,,0,70,,1255,4,,,0,31,,1254,4,,,0,70,,1257,4,,,0,30,,1258,4,,,0,70,,1259,4,,,0,30,,1260,4,,,0,70,,1261,4,,,0,34,,1262,4,,,0,70,,1265,4,,,0,30,,1264,4,,,0,70,,1263,4,,,0,30,,1266,4,,,0,70,,1268,4,,,0,30,,1269,4,,,0,69,,1267,4,,,0,30,,1270,4,,,0,70,,1271,4,,,0,30,,1272,4,,,0,70,,1273,4,,,0,30,,1274,4,,,0,70,,1275,4,,,0,30,,1277,4,,,0,70,,1276,4,,,0,30,,1278,4,,,0,70,,1279,4,,,0,30,,1280,5,,,0,70,,1292,5,,,0,30,,1291,5,,,0,70,,1290,5,,,0,29,,1289,5,,,0,69,,1288,5,,,0,30,,1287,5,,,0,70,,1286,5,,,0,30,,1285,5,,,0,69,,1283,5,,,0,30,,1282,5,,,0,70,,1284,5,,,0,30,,1295,5,,,0,65,,1281,5,,,0
2001,'5185',551,,1298,4,,,0,70,,1296,4,,,0,29,,1299,4,,,0,70,,1297,4,,,0,30,,1302,4,,,0,70,,1301,4,,,0,31,,1300,4,,,0,70,,1303,4,,,0,30,,1304,4,,,0,70,,1305,4,,,0,30,,1306,4,,,0,70,,1307,4,,,0,35,,1308,4,,,0,70,,1311,4,,,0,30,,1310,4,,,0,70,,1309,4,,,0,29,,1312,4,,,0,70,,1314,4,,,0,30,,1315,4,,,0,69,,1313,4,,,0,30,,1316,4,,,0,70,,1317,4,,,0,30,,1318,4,,,0,70,,1319,4,,,0,30,,1320,4,,,0,70,,1321,4,,,0,31,,1323,4,,,0,70,,1322,4,,,0,30,,1324,4,,,0,70,,1325,4,,,0,30,,1326,5,,,0,70,,1338,5,,,0,30,,1337,5,,,0,70,,1336,5,,,0,28,,1335,5,,,0,69,,1334,5,,,0,30,,1333,5,,,0,70,,1332,5,,,0,30,,1331,5,,,0,66,,1329,5,,,0,30,,1328,5,,,0,70,,1330,5,,,0,30,,1340,5,,,0,70,,1327,5,,,0
2101,'5183',1913,,487,4,,,0,30,,505,4,,,0,270,,492,5,,,0,129,,509,5,,,0
2101,'5184',708,,1408,4,,,0,30,,1439,4,,,0,72,,1410,4,,,0,31,,1425,4,,,0,70,,1412,4,,,0,30,,1427,4,,,0,70,,1409,4,,,0,30,,1426,4,,,0,70,,1414,4,,,0,30,,1428,4,,,0,73,,1411,4,,,0,30,,1431,4,,,0,70,,1413,4,,,0,30,,1432,4,,,0,70,,1415,4,,,0,30,,1430,4,,,0,68,,1416,4,,,0,30,,1429,4,,,0,70,,1417,4,,,0,30,,1433,4,,,0,70,,1418,4,,,0,31,,1434,4,,,0,70,,1419,4,,,0,30,,1435,4,,,0,170,,1420,4,,,0,30,,1436,5,,,0,70,,1424,5,,,0,30,,1437,5,,,0,100,,1438,5,,,0,69,,1423,5,,,0,100,,1421,5,,,0,99,,1422,5,,,0
2101,'5185',708,,1440,4,,,0,30,,1460,4,,,0,70,,1442,4,,,0,33,,1461,4,,,0,70,,1444,4,,,0,30,,1463,4,,,0,70,,1441,4,,,0,30,,1462,4,,,0,70,,1446,4,,,0,30,,1464,4,,,0,73,,1443,4,,,0,30,,1467,4,,,0,70,,1445,4,,,0,30,,1468,4,,,0,70,,1447,4,,,0,30,,1466,4,,,0,67,,1448,4,,,0,30,,1465,4,,,0,70,,1449,4,,,0,30,,1469,4,,,0,70,,1450,4,,,0,31,,1470,4,,,0,70,,1451,4,,,0,32,,1471,4,,,0,70,,1452,4,,,0,30,,1472,4,,,0,70,,1453,4,,,0,30,,1473,5,,,0,70,,1458,5,,,0,30,,1474,5,,,0,70,,1457,5,,,0,30,,1475,5,,,0,69,,1456,5,,,0,30,,1459,5,,,0,70,,1454,5,,,0,95,,1455,5,,,0
2501,'5184',635,,1478,4,,,0
24002001,'5184',806,,1732,4,,,0,30,,1746,4,,,0,70,,1733,4,,,0,30,,1742,4,,,0,70,,1734,4,,,0,30,,1743,4,,,0,70,,1735,4,,,0,30,,1750,4,,,0,72,,1736,4,,,0,30,,1744,4,,,0,70,,1737,4,,,0,30,,1749,4,,,0,70,,1738,4,,,0,30,,1747,4,,,0,70,,1739,4,,,0,30,,1745,4,,,0,70,,1740,4,,,0,30,,1748,4,,,0,70,,1741,4,,,0,30,,1731,4,,,0,70,,1751,4,,,0
24002001,'5185',1738,,1752,4,,,0
