401,'5183',932,,9,2,,,0,93,,66,2,,,0,110,,12,2,,,0,15,,69,2,,,0,298,,76,2,,,0,155,,35,2,,,0,15,,36,2,,,0,10,,47,2,,,0,10,,37,2,,,0,66,,39,2,,,0,15,,40,2,,,0,30,,42,2,,,0
401,'5184',630,,718,2,,,0,15,,714,2,,,0,55,,717,2,,,0,15,,715,2,,,0,10,,702,2,,,0,10,,723,2,,,0,10,,703,2,,,0,9,,724,2,,,0,48,,704,2,,,0,7,,725,2,,,0,8,,705,2,,,0,7,,726,2,,,0,8,,701,2,,,0,8,,728,2,,,0,8,,706,2,,,0,7,,722,2,,,0,48,,707,2,,,0,7,,729,2,,,0,8,,755,2,,,0,7,,727,2,,,0,15,,731,2,,,0,8,,756,2,,,0,7,,730,2,,,0,50,,709,2,,,0,10,,766,2,,,0,20,,710,2,,,0,15,,758,2,,,0,55,,711,2,,,0,15,,757,2,,,0,85,,712,2,,,0,15,,760,2,,,0,15,,713,2,,,0,15,,761,2,,,0,55,,762,2,,,0,15,,759,2,,,0,15,,716,2,,,0,15,,763,2,,,0,55,,719,2,,,0,13,,764,2,,,0,10,,720,2,,,0,10,,739,2,,,0,18,,737,2,,,0,47,,721,2,,,0,8,,741,2,,,0,7,,765,2,,,0,8,,738,2,,,0,7,,732,2,,,0,8,,740,2,,,0,7,,708,2,,,0,8,,736,2,,,0,55,,742,2,,,0,38,,733,2,,,0,85,,734,2,,,0,70,,735,2,,,0,16,,753,2,,,0,16,,743,2,,,0,16,,754,2,,,0,56,,747,2,,,0,15,,751,2,,,0,15,,750,2,,,0,15,,745,2,,,0,55,,744,2,,,0,15,,746,2,,,0,15,,752,2,,,0,15,,748,2,,,0,55,,749,2,,,0
601,'5183',756,,173,2,,,0,175,,176,2,,,0,877,,196,2,,,0,32,,198,2,,,0,199,,202,2,,,0,100,,211,2,,,0,170,,208,2,,,0,100,,207,2,,,0,100,,203,2,,,0
601,'5184',557,,877,2,,,0,70,,878,2,,,0,29,,879,2,,,0,70,,880,2,,,0,100,,874,2,,,0,75,,875,2,,,0,101,,885,2,,,0,30,,876,2,,,0,70,,881,2,,,0,30,,882,2,,,0,75,,883,2,,,0,30,,886,2,,,0,70,,884,2,,,0,30,,887,2,,,0,70,,888,2,,,0,30,,890,2,,,0,70,,889,2,,,0,31,,891,2,,,0,70,,893,2,,,0,30,,892,2,,,0,70,,894,2,,,0,30,,895,2,,,0,172,,897,2,,,0,30,,896,2,,,0,70,,898,2,,,0,99,,904,2,,,0,100,,903,2,,,0,30,,902,2,,,0,100,,901,2,,,0,100,,899,2,,,0,100,,900,2,,,0
601,'5185',557,,910,2,,,0,70,,911,2,,,0,29,,912,2,,,0,70,,913,2,,,0,32,,905,2,,,0,70,,906,2,,,0,75,,907,2,,,0,30,,908,2,,,0,71,,918,2,,,0,30,,909,2,,,0,70,,914,2,,,0,30,,915,2,,,0,73,,916,2,,,0,30,,919,2,,,0,70,,917,2,,,0,30,,920,2,,,0,70,,921,2,,,0,30,,923,2,,,0,70,,922,2,,,0,30,,924,2,,,0,70,,925,2,,,0,31,,926,2,,,0,70,,927,2,,,0,30,,929,2,,,0,70,,928,2,,,0,30,,930,2,,,0,70,,932,2,,,0,21,,931,2,,,0,79,,933,2,,,0,29,,934,2,,,0,70,,944,2,,,0,30,,943,2,,,0,70,,942,2,,,0,30,,941,2,,,0,70,,940,2,,,0,30,,938,2,,,0,70,,939,2,,,0,30,,936,2,,,0,72,,935,2,,,0,30,,937,2,,,0
2001,'5184',548,,1252,2,,,0,70,,1250,2,,,0,29,,1253,2,,,0,70,,1251,2,,,0,30,,1256,2,,,0,70,,1255,2,,,0,31,,1254,2,,,0,70,,1257,2,,,0,30,,1258,2,,,0,70,,1259,2,,,0,30,,1260,2,,,0,70,,1261,2,,,0,33,,1262,2,,,0,70,,1265,2,,,0,30,,1264,2,,,0,70,,1263,2,,,0,30,,1266,2,,,0,70,,1268,2,,,0,30,,1269,2,,,0,69,,1267,2,,,0,30,,1270,2,,,0,70,,1271,2,,,0,30,,1272,2,,,0,70,,1273,2,,,0,30,,1274,2,,,0,70,,1275,2,,,0,30,,1277,2,,,0,70,,1276,2,,,0,30,,1278,2,,,0,70,,1279,2,,,0,30,,1280,2,,,0,70,,1292,2,,,0,30,,1291,2,,,0,70,,1290,2,,,0,29,,1289,2,,,0,70,,1288,2,,,0,30,,1287,2,,,0,70,,1286,2,,,0,30,,1285,2,,,0,70,,1283,2,,,0,30,,1282,2,,,0,70,,1284,2,,,0,30,,1295,2,,,0,65,,1281,2,,,0
2001,'5185',548,,1298,2,,,0,70,,1296,2,,,0,29,,1299,2,,,0,70,,1297,2,,,0,30,,1302,2,,,0,70,,1301,2,,,0,31,,1300,2,,,0,70,,1303,2,,,0,30,,1304,2,,,0,70,,1305,2,,,0,30,,1306,2,,,0,70,,1307,2,,,0,34,,1308,2,,,0,70,,1311,2,,,0,30,,1310,2,,,0,70,,1309,2,,,0,29,,1312,2,,,0,70,,1314,2,,,0,30,,1315,2,,,0,69,,1313,2,,,0,30,,1316,2,,,0,70,,1317,2,,,0,30,,1318,2,,,0,70,,1319,2,,,0,30,,1320,2,,,0,70,,1321,2,,,0,31,,1323,2,,,0,70,,1322,2,,,0,30,,1324,2,,,0,70,,1325,2,,,0,30,,1326,2,,,0,70,,1338,2,,,0,30,,1337,2,,,0,70,,1336,2,,,0,28,,1335,2,,,0,70,,1334,2,,,0,30,,1333,2,,,0,70,,1332,2,,,0,30,,1331,2,,,0,67,,1329,2,,,0,30,,1328,2,,,0,70,,1330,2,,,0,30,,1340,2,,,0,70,,1327,2,,,0
2101,'5183',1909,,487,2,,,0,30,,505,2,,,0,270,,492,2,,,0,130,,509,2,,,0
2101,'5184',705,,1408,2,,,0,30,,1439,2,,,0,72,,1410,2,,,0,31,,1425,2,,,0,70,,1412,2,,,0,30,,1427,2,,,0,70,,1409,2,,,0,30,,1426,2,,,0,70,,1414,2,,,0,29,,1428,2,,,0,73,,1411,2,,,0,30,,1431,2,,,0,70,,1413,2,,,0,30,,1432,2,,,0,70,,1415,2,,,0,30,,1430,2,,,0,68,,1416,2,,,0,30,,1429,2,,,0,70,,1417,2,,,0,30,,1433,2,,,0,70,,1418,2,,,0,31,,1434,2,,,0,70,,1419,2,,,0,30,,1435,2,,,0,170,,1420,2,,,0,30,,1436,2,,,0,70,,1424,2,,,0,30,,1437,2,,,0,100,,1438,2,,,0,70,,1423,2,,,0,100,,1421,2,,,0,100,,1422,2,,,0
2101,'5185',705,,1440,2,,,0,30,,1460,2,,,0,70,,1442,2,,,0,33,,1461,2,,,0,70,,1444,2,,,0,30,,1463,2,,,0,70,,1441,2,,,0,30,,1462,2,,,0,70,,1446,2,,,0,29,,1464,2,,,0,73,,1443,2,,,0,30,,1467,2,,,0,70,,1445,2,,,0,30,,1468,2,,,0,70,,1447,2,,,0,30,,1466,2,,,0,67,,1448,2,,,0,30,,1465,2,,,0,70,,1449,2,,,0,30,,1469,2,,,0,70,,1450,2,,,0,31,,1470,2,,,0,70,,1451,2,,,0,32,,1471,2,,,0,70,,1452,2,,,0,30,,1472,2,,,0,70,,1453,2,,,0,30,,1473,2,,,0,70,,1458,2,,,0,30,,1474,2,,,0,70,,1457,2,,,0,30,,1475,2,,,0,70,,1456,2,,,0,30,,1459,2,,,0,70,,1454,2,,,0,96,,1455,2,,,0
2501,'5184',632,,1478,2,,,0
3000,'5184',609,,1479,2,0,5,0,30,,1493,2,0,5,0,1313,,1495,2,,,0,70,,1494,2,,,0,31,,1481,2,,,0,70,,1485,2,,,0,30,,1480,2,,,0,70,,1484,2,,,0,30,,1482,2,,,0,70,,1483,2,,,0,30,,1486,2,,,0,70,,1487,2,,,0,30,,1488,2,,,0,69,,1489,2,,,0,36,,1490,2,,,0,70,,1491,2,,,0,84,,1492,2,,,0
3000,'5185',609,,1506,2,0,5,0,30,,1498,2,0,5,0,1314,,1505,2,,,0,70,,1507,2,,,0,30,,1497,2,,,0,70,,1508,2,,,0,30,,1510,2,,,0,70,,1509,2,,,0,30,,1511,2,,,0,70,,1504,2,,,0,30,,1512,2,,,0,70,,1500,2,,,0,30,,1502,2,,,0,70,,1501,2,,,0,35,,1503,2,,,0,72,,1496,2,,,0,82,,1499,2,,,0
3100,'5183',836,,574,2,,,0,107,,550,2,,,0,82,,549,2,,,0,81,,548,2,,,0,416,,570,2,,,0,308,,557,2,,,0
3100,'5184',717,,1556,2,,,0,15,,1561,2,,,0,15,,1558,2,,,0,57,,1562,2,,,0,15,,1560,2,,,0,36,,1559,2,,,0,63,,1567,2,,,0,87,,1568,2,,,0,142,,1546,2,,,0,81,,1545,2,,,0,81,,1549,2,,,0,41,,1547,2,,,0,81,,1548,2,,,0,76,,1550,2,,,0,30,,1555,2,,,0,15,,1564,2,,,0,55,,1551,2,,,0,15,,1565,2,,,0,16,,1553,2,,,0,15,,1566,2,,,0,55,,1557,2,,,0,19,,1563,2,,,0,26,,1554,2,,,0,158,,1552,2,,,0
3100,'5185',717,,1577,2,,,0,34,,1586,2,,,0,70,,1582,2,,,0,38,,1584,2,,,0,81,,1580,2,,,0,85,,1569,2,,,0,81,,1570,2,,,0,41,,1571,2,,,0,81,,1576,2,,,0,81,,1581,2,,,0,41,,1579,2,,,0,81,,1572,2,,,0,76,,1573,2,,,0,30,,1588,2,,,0,70,,1585,2,,,0,31,,1583,2,,,0,70,,1587,2,,,0,47,,1575,2,,,0,75,,1578,2,,,0,81,,1574,2,,,0
3200,'5184',707,,1646,2,,,0,30,,1647,2,,,0,70,,1644,2,,,0,30,,1645,2,,,0,70,,1652,2,,,0,30,,1653,2,,,0,69,,1651,2,,,0,511,,1642,2,,,0,30,,1648,2,,,0,70,,1649,2,,,0,30,,1641,2,,,0,70,,1643,2,,,0,25,,1650,2,,,0
3200,'5185',707,,1661,2,,,0,30,,1662,2,,,0,70,,1654,2,,,0,30,,1655,2,,,0,680,,1656,2,,,0,30,,1658,2,,,0,70,,1663,2,,,0,30,,1659,2,,,0,70,,1657,2,,,0,25,,1660,2,,,0
3300,'5184',1043,,1691,2,,,0,83,,1690,2,,,0,80,,1692,2,,,0,40,,1689,2,,,0,83,,1695,2,,,0,79,,1696,2,,,0,39,,1698,2,,,0,359,,1694,2,,,0,42,,1693,2,,,0,82,,1697,2,,,0
24002001,'5184',803,,1732,2,,,0,30,,1746,2,,,0,70,,1733,2,,,0,30,,1742,2,,,0,70,,1734,2,,,0,30,,1743,2,,,0,70,,1735,2,,,0,30,,1750,2,,,0,72,,1736,2,,,0,30,,1744,2,,,0,70,,1737,2,,,0,30,,1749,2,,,0,70,,1738,2,,,0,30,,1747,2,,,0,70,,1739,2,,,0,30,,1745,2,,,0,70,,1740,2,,,0,30,,1748,2,,,0,70,,1741,2,,,0,30,,1731,2,,,0,70,,1751,2,,,0
24002001,'5185',1735,,1752,2,,,0
