1000,'5183',1259,,285,1,0,5,0,158,,297,1,0,5,0,28,,286,1,0,5,0,85,,290,1,0,5,0,20,,289,1,0,5,0,60,,309,1,0,5,0,42,,292,1,0,5,0,65,,308,1,0,5,0,25,,294,1,0,5,0,96,,295,1,0,5,0,65,,296,1,0,5,0,98,,291,1,0,5,0,25,,302,1,0,5,0,96,,303,1,0,5,0
1000,'5184',533,,1050,1,,,0,24,,1030,1,,,0,63,,1052,1,,,0,23,,1033,1,,,0,64,,1031,1,,,0,25,,1032,1,,,0,25,,1035,1,,,0,65,,1055,1,,,0,27,,1034,1,,,0,65,,1038,1,,,0,25,,1054,1,,,0,65,,1036,1,,,0,25,,1040,1,,,0,25,,1039,1,,,0,65,,1037,1,,,0,25,,1041,1,,,0,65,,1042,1,0,5,0,25,,1043,1,0,5,0,92,,1044,1,0,5,0,25,,1045,1,0,5,0,159,,1046,1,0,5,0,122,,1047,1,0,5,0,180,,1048,1,0,5,0,119,,1049,1,0,5,0,120,,1051,1,0,5,0,153,,1053,1,0,5,0
1000,'5185',533,,1086,1,,,0,24,,1056,1,,,0,63,,1094,1,,,0,23,,1059,1,,,0,64,,1057,1,,,0,25,,1058,1,,,0,25,,1061,1,,,0,65,,1093,1,,,0,26,,1060,1,,,0,66,,1064,1,,,0,25,,1090,1,,,0,65,,1062,1,,,0,25,,1066,1,,,0,25,,1065,1,,,0,65,,1063,1,,,0,25,,1067,1,,,0,65,,1068,1,0,5,0,25,,1069,1,0,5,0,25,,1070,1,0,5,0,67,,1071,1,0,5,0,25,,1073,1,0,5,0,66,,1074,1,0,5,0,28,,1072,1,0,5,0,65,,1075,1,0,5,0,20,,1077,1,0,5,0,21,,1076,1,0,5,0,60,,1092,1,0,5,0,21,,1080,1,0,5,0,20,,1079,1,0,5,0,65,,1091,1,0,5,0,25,,1081,1,0,5,0,70,,1083,1,0,5,0,26,,1082,1,0,5,0,65,,1085,1,0,5,0,28,,1084,1,0,5,0,69,,1078,1,0,5,0,25,,1088,1,0,5,0,25,,1087,1,0,5,0,70,,1089,1,0,5,0,84,,1095,1,0,5,0
2000,'5184',519,,1162,1,,,0,29,,1165,1,,,0,68,,1163,1,,,0,30,,1164,1,,,0,70,,1168,1,,,0,30,,1167,1,,,0,70,,1166,1,,,0,30,,1169,1,,,0,70,,1171,1,,,0,30,,1170,1,,,0,70,,1172,1,,,0,31,,1174,1,,,0,70,,1173,1,,,0,28,,1205,1,,,0,70,,1176,1,,,0,30,,1177,1,,,0,70,,1175,1,,,0,30,,1178,1,,,0,70,,1181,1,,,0,30,,1180,1,,,0,70,,1179,1,,,0,30,,1182,1,,,0,70,,1183,1,,,0,30,,1184,1,,,0,70,,1185,1,,,0,30,,1186,1,,,0,70,,1187,1,,,0,30,,1189,1,,,0,70,,1188,1,,,0,30,,1192,1,,,0,70,,1190,1,,,0,30,,1191,1,,,0,70,,1204,1,,,0,30,,1203,1,,,0,70,,1202,1,,,0,30,,1201,1,,,0,74,,1200,1,,,0,30,,1199,1,,,0,70,,1198,1,,,0,30,,1197,1,,,0,65,,1194,1,,,0,27,,1196,1,,,0,70,,1193,1,,,0,30,,1195,1,,,0
2000,'5185',519,,1206,1,,,0,29,,1209,1,,,0,67,,1207,1,,,0,30,,1208,1,,,0,70,,1212,1,,,0,30,,1211,1,,,0,70,,1210,1,,,0,30,,1213,1,,,0,71,,1215,1,,,0,29,,1214,1,,,0,70,,1216,1,,,0,30,,1218,1,,,0,70,,1217,1,,,0,30,,1249,1,,,0,70,,1220,1,,,0,30,,1221,1,,,0,70,,1219,1,,,0,30,,1222,1,,,0,70,,1225,1,,,0,31,,1224,1,,,0,70,,1223,1,,,0,30,,1226,1,,,0,70,,1227,1,,,0,30,,1228,1,,,0,70,,1229,1,,,0,30,,1230,1,,,0,69,,1231,1,,,0,29,,1233,1,,,0,70,,1232,1,,,0,30,,1236,1,,,0,70,,1234,1,,,0,30,,1235,1,,,0,70,,1248,1,,,0,30,,1247,1,,,0,70,,1246,1,,,0,30,,1245,1,,,0,72,,1244,1,,,0,29,,1243,1,,,0,70,,1242,1,,,0,30,,1241,1,,,0,70,,1238,1,,,0,26,,1240,1,,,0,67,,1237,1,,,0,30,,1239,1,,,0
2001,'5184',519,,1293,7,4,,0,29,,1294,7,4,,0,63,,1252,24,4,,0,30,,1250,24,4,,0,70,,1253,24,4,,0,30,,1251,24,4,,0,70,,1256,24,4,,0,30,,1255,24,4,,0,70,,1254,24,4,,0,30,,1257,24,4,,0,70,,1258,24,4,,0,30,,1259,24,4,,0,70,,1260,24,4,,0,30,,1261,24,4,,0,69,,1262,17,4,,0,30,,1265,17,4,,0,70,,1264,17,4,,0,30,,1263,17,4,,0,71,,1266,17,4,,0,31,,1268,17,4,,0,70,,1269,17,4,,0,30,,1267,17,4,,0,70,,1270,17,4,,0,30,,1271,17,4,,0,70,,1272,17,4,,0,30,,1273,17,4,,0,69,,1274,17,4,,0,29,,1275,17,4,,0,69,,1277,17,4,,0,30,,1276,17,4,,0,70,,1278,17,4,,0,30,,1279,17,4,,0,70,,1280,18,4,,0,30,,1292,18,4,,0,70,,1291,18,4,,0,30,,1290,18,4,,0,74,,1289,25,4,,0,29,,1288,25,4,,0,70,,1287,25,4,,0,30,,1286,25,4,,0,70,,1285,25,4,,0,29,,1283,25,4,,0,70,,1282,25,4,,0,30,,1284,25,4,,0,70,,1295,25,4,,0,25,,1281,25,4,,0
2001,'5185',519,,1341,7,4,,0,29,,1339,7,4,,0,63,,1298,24,4,,0,30,,1296,24,4,,0,70,,1299,24,4,,0,30,,1297,24,4,,0,70,,1302,24,4,,0,30,,1301,24,4,,0,70,,1300,24,4,,0,30,,1303,24,4,,0,70,,1304,24,4,,0,30,,1305,24,4,,0,70,,1306,24,4,,0,30,,1307,24,4,,0,70,,1308,17,4,,0,30,,1311,17,4,,0,70,,1310,17,4,,0,30,,1309,17,4,,0,70,,1312,17,4,,0,31,,1314,17,4,,0,70,,1315,17,4,,0,30,,1313,17,4,,0,70,,1316,17,4,,0,30,,1317,17,4,,0,70,,1318,17,4,,0,30,,1319,17,4,,0,69,,1320,17,4,,0,29,,1321,17,4,,0,70,,1323,17,4,,0,30,,1322,17,4,,0,70,,1324,17,4,,0,30,,1325,17,4,,0,70,,1326,18,4,,0,30,,1338,18,4,,0,70,,1337,18,4,,0,30,,1336,18,4,,0,73,,1335,25,4,,0,29,,1334,25,4,,0,70,,1333,25,4,,0,30,,1332,25,4,,0,70,,1331,25,4,,0,26,,1329,25,4,,0,70,,1328,25,4,,0,30,,1330,25,4,,0,70,,1340,25,4,,0,30,,1327,25,4,,0
24002000,'5184',732,,1710,1,,,0,71,,1721,1,,,0,30,,1711,1,,,0,70,,1723,1,,,0,30,,1712,1,,,0,70,,1722,1,,,0,30,,1713,1,,,0,70,,1728,1,,,0,30,,1714,1,,,0,69,,1720,1,,,0,30,,1715,1,,,0,70,,1724,1,,,0,30,,1716,1,,,0,70,,1725,1,,,0,30,,1717,1,,,0,70,,1727,1,,,0,30,,1718,1,,,0,70,,1726,1,,,0,30,,1719,1,,,0,70,,1709,1,,,0,30,,1729,1,,,0
24002000,'5185',1702,,1730,1,,,0
24002001,'5184',825,,1732,20,4,,0,30,,1746,20,4,,0,69,,1733,20,4,,0,30,,1742,20,4,,0,70,,1734,20,4,,0,30,,1743,20,4,,0,70,,1735,20,4,,0,30,,1750,20,4,,0,67,,1736,13,4,,0,30,,1744,13,4,,0,70,,1737,13,4,,0,30,,1749,13,4,,0,71,,1738,13,4,,0,31,,1747,13,4,,0,70,,1739,13,4,,0,31,,1745,13,4,,0,70,,1740,13,4,,0,29,,1748,13,4,,0,70,,1741,13,4,,0,30,,1731,13,4,,0,70,,1751,13,4,,0
24002001,'5185',1753,,1752,13,4,,0
