601,'5183',758,,173,5,,,0,175,,176,5,,,0,876,,196,5,,,0,32,,198,5,,,0,200,,202,5,,,0,100,,211,5,,,0,170,,208,5,,,0,100,,207,5,,,0,100,,203,5,,,0
601,'5184',559,,877,5,,,0,70,,878,5,,,0,29,,879,5,,,0,70,,880,5,,,0,100,,874,5,,,0,75,,875,5,,,0,100,,885,5,,,0,30,,876,5,,,0,70,,881,5,,,0,30,,882,5,,,0,75,,883,5,,,0,30,,886,5,,,0,70,,884,5,,,0,30,,887,5,,,0,70,,888,5,,,0,30,,890,5,,,0,70,,889,5,,,0,32,,891,5,,,0,70,,893,5,,,0,30,,892,5,,,0,69,,894,5,,,0,30,,895,5,,,0,172,,897,5,,,0,30,,896,5,,,0,70,,898,5,,,0,100,,904,5,,,0,100,,903,5,,,0,30,,902,5,,,0,100,,901,5,,,0,100,,899,5,,,0,100,,900,5,,,0
601,'5185',559,,910,5,,,0,70,,911,5,,,0,29,,912,5,,,0,70,,913,5,,,0,72,,905,5,,,0,30,,906,5,,,0,75,,907,5,,,0,30,,908,5,,,0,70,,918,5,,,0,30,,909,5,,,0,70,,914,5,,,0,30,,915,5,,,0,73,,916,5,,,0,30,,919,5,,,0,70,,917,5,,,0,30,,920,5,,,0,70,,921,5,,,0,30,,923,5,,,0,70,,922,5,,,0,31,,924,5,,,0,70,,925,5,,,0,31,,926,5,,,0,69,,927,5,,,0,30,,929,5,,,0,70,,928,5,,,0,30,,930,5,,,0,70,,932,5,,,0,21,,931,5,,,0,79,,933,5,,,0,30,,934,5,,,0,70,,944,5,,,0,30,,943,5,,,0,70,,942,5,,,0,30,,941,5,,,0,70,,940,5,,,0,30,,938,5,,,0,70,,939,5,,,0,30,,936,5,,,0,72,,935,5,,,0,30,,937,5,,,0
1000,'5183',1321,,285,21,0,5,0,118,,297,21,0,5,0,68,,286,21,0,5,0,45,,290,21,0,5,0,60,,289,21,0,5,0,20,,309,21,0,5,0,82,,292,21,0,5,0,25,,308,21,0,5,0,65,,294,21,0,5,0,96,,295,21,0,5,0,24,,296,21,0,5,0,98,,291,21,0,5,0,24,,302,21,0,5,0,96,,303,21,0,5,0
1000,'5184',549,,1050,18,,,0,64,,1030,18,,,0,24,,1052,18,,,0,64,,1033,18,,,0,25,,1031,18,,,0,25,,1032,18,,,0,66,,1035,18,,,0,25,,1055,18,,,0,65,,1034,18,,,0,25,,1038,18,,,0,25,,1054,18,,,0,65,,1036,18,,,0,25,,1040,18,,,0,65,,1039,18,,,0,25,,1037,18,,,0,65,,1041,18,,,0,29,,1042,21,0,5,0,25,,1043,21,0,5,0,92,,1044,21,0,5,0,65,,1045,21,0,5,0,119,,1046,21,0,5,0,122,,1047,21,0,5,0,180,,1048,21,0,5,0,118,,1049,21,0,5,0,159,,1051,21,0,5,0,113,,1053,21,0,5,0
1000,'5185',549,,1086,18,,,0,64,,1056,18,,,0,24,,1094,18,,,0,64,,1059,18,,,0,25,,1057,18,,,0,25,,1058,18,,,0,66,,1061,18,,,0,25,,1093,18,,,0,64,,1060,18,,,0,26,,1064,18,,,0,25,,1090,18,,,0,65,,1062,18,,,0,25,,1066,18,,,0,65,,1065,18,,,0,25,,1063,18,,,0,65,,1067,18,,,0,29,,1068,21,0,5,0,25,,1069,21,0,5,0,65,,1070,21,0,5,0,27,,1071,21,0,5,0,65,,1073,21,0,5,0,26,,1074,21,0,5,0,68,,1072,21,0,5,0,25,,1075,21,0,5,0,20,,1077,21,0,5,0,61,,1076,21,0,5,0,20,,1092,21,0,5,0,21,,1080,21,0,5,0,60,,1079,21,0,5,0,25,,1091,21,0,5,0,65,,1081,21,0,5,0,30,,1083,21,0,5,0,66,,1082,21,0,5,0,24,,1085,21,0,5,0,28,,1084,21,0,5,0,69,,1078,21,0,5,0,24,,1088,21,0,5,0,65,,1087,21,0,5,0,30,,1089,21,0,5,0,84,,1095,21,0,5,0
3000,'5184',610,,1479,5,0,5,0,30,,1493,5,0,5,0,1314,,1495,5,,,0,70,,1494,5,,,0,31,,1481,5,,,0,70,,1485,5,,,0,30,,1480,5,,,0,70,,1484,5,,,0,30,,1482,5,,,0,70,,1483,5,,,0,30,,1486,5,,,0,69,,1487,5,,,0,30,,1488,5,,,0,69,,1489,5,,,0,36,,1490,5,,,0,70,,1491,5,,,0,84,,1492,5,,,0
3000,'5185',610,,1506,5,0,5,0,30,,1498,5,0,5,0,1315,,1505,5,,,0,70,,1507,5,,,0,30,,1497,5,,,0,70,,1508,5,,,0,30,,1510,5,,,0,70,,1509,5,,,0,30,,1511,5,,,0,70,,1504,5,,,0,30,,1512,5,,,0,69,,1500,5,,,0,30,,1502,5,,,0,70,,1501,5,,,0,35,,1503,5,,,0,72,,1496,5,,,0,82,,1499,5,,,0
3100,'5183',838,,574,5,,,0,107,,550,5,,,0,82,,549,5,,,0,81,,548,5,,,0,416,,570,5,,,0,308,,557,5,,,0
3100,'5184',718,,1556,5,,,0,15,,1561,5,,,0,15,,1558,5,,,0,58,,1562,5,,,0,15,,1560,5,,,0,36,,1559,5,,,0,63,,1567,5,,,0,87,,1568,5,,,0,142,,1546,5,,,0,81,,1545,5,,,0,81,,1549,5,,,0,41,,1547,5,,,0,81,,1548,5,,,0,76,,1550,5,,,0,30,,1555,5,,,0,15,,1564,5,,,0,55,,1551,5,,,0,15,,1565,5,,,0,16,,1553,5,,,0,15,,1566,5,,,0,55,,1557,5,,,0,19,,1563,5,,,0,26,,1554,5,,,0,158,,1552,5,,,0
3100,'5185',718,,1577,5,,,0,34,,1586,5,,,0,71,,1582,5,,,0,78,,1584,5,,,0,41,,1580,5,,,0,85,,1569,5,,,0,81,,1570,5,,,0,41,,1571,5,,,0,81,,1576,5,,,0,81,,1581,5,,,0,41,,1579,5,,,0,81,,1572,5,,,0,76,,1573,5,,,0,30,,1588,5,,,0,70,,1585,5,,,0,31,,1583,5,,,0,70,,1587,5,,,0,47,,1575,5,,,0,75,,1578,5,,,0,81,,1574,5,,,0
