1000,'5183',1311,,285,12,0,5,0,118,,297,12,0,5,0,28,,286,12,0,5,0,85,,290,12,0,5,0,60,,289,12,0,5,0,20,,309,12,0,5,0,82,,292,12,0,5,0,25,,308,12,0,5,0,25,,294,12,0,5,0,96,,295,12,0,5,0,64,,296,12,0,5,0,98,,291,12,0,5,0,25,,302,12,0,5,0,96,,303,12,0,5,0
1000,'5184',541,,1050,9,,,0,64,,1030,9,,,0,23,,1052,9,,,0,24,,1033,9,,,0,64,,1031,9,,,0,25,,1032,9,,,0,66,,1035,9,,,0,25,,1055,9,,,0,26,,1034,9,,,0,65,,1038,9,,,0,25,,1054,9,,,0,65,,1036,9,,,0,25,,1040,9,,,0,65,,1039,9,,,0,25,,1037,9,,,0,25,,1041,9,,,0,68,,1042,12,0,5,0,25,,1043,12,0,5,0,92,,1044,12,0,5,0,65,,1045,12,0,5,0,119,,1046,12,0,5,0,122,,1047,12,0,5,0,180,,1048,12,0,5,0,118,,1049,12,0,5,0,160,,1051,12,0,5,0,113,,1053,12,0,5,0
1000,'5185',541,,1086,9,,,0,64,,1056,9,,,0,23,,1094,9,,,0,24,,1059,9,,,0,64,,1057,9,,,0,25,,1058,9,,,0,66,,1061,9,,,0,25,,1093,9,,,0,25,,1060,9,,,0,66,,1064,9,,,0,25,,1090,9,,,0,65,,1062,9,,,0,25,,1066,9,,,0,65,,1065,9,,,0,25,,1063,9,,,0,25,,1067,9,,,0,68,,1068,12,0,5,0,25,,1069,12,0,5,0,65,,1070,12,0,5,0,27,,1071,12,0,5,0,65,,1073,12,0,5,0,26,,1074,12,0,5,0,28,,1072,12,0,5,0,65,,1075,12,0,5,0,20,,1077,12,0,5,0,61,,1076,12,0,5,0,20,,1092,12,0,5,0,21,,1080,12,0,5,0,60,,1079,12,0,5,0,25,,1091,12,0,5,0,25,,1081,12,0,5,0,70,,1083,12,0,5,0,26,,1082,12,0,5,0,64,,1085,12,0,5,0,28,,1084,12,0,5,0,69,,1078,12,0,5,0,25,,1088,12,0,5,0,65,,1087,12,0,5,0,30,,1089,12,0,5,0,84,,1095,12,0,5,0
2000,'5184',527,,1162,9,,,0,29,,1165,9,,,0,69,,1163,9,,,0,30,,1164,9,,,0,70,,1168,9,,,0,30,,1167,9,,,0,70,,1166,9,,,0,30,,1169,9,,,0,70,,1171,9,,,0,30,,1170,9,,,0,70,,1172,9,,,0,30,,1174,9,,,0,70,,1173,9,,,0,34,,1205,16,,,0,70,,1176,16,,,0,30,,1177,16,,,0,70,,1175,16,,,0,30,,1178,16,,,0,70,,1181,16,,,0,71,,1180,16,,,0,30,,1179,16,,,0,70,,1182,16,,,0,30,,1183,16,,,0,70,,1184,16,,,0,30,,1185,16,,,0,70,,1186,16,,,0,30,,1187,16,,,0,29,,1189,16,,,0,70,,1188,16,,,0,30,,1192,16,,,0,70,,1190,16,,,0,30,,1191,16,,,0,70,,1204,16,,,0,30,,1203,16,,,0,70,,1202,16,,,0,30,,1201,16,,,0,68,,1200,9,,,0,30,,1199,9,,,0,70,,1198,9,,,0,30,,1197,9,,,0,65,,1194,9,,,0,27,,1196,9,,,0,70,,1193,9,,,0,30,,1195,9,,,0
2000,'5185',527,,1206,9,,,0,29,,1209,9,,,0,68,,1207,9,,,0,30,,1208,9,,,0,70,,1212,9,,,0,30,,1211,9,,,0,70,,1210,9,,,0,30,,1213,9,,,0,71,,1215,9,,,0,29,,1214,9,,,0,70,,1216,9,,,0,29,,1218,9,,,0,70,,1217,9,,,0,36,,1249,16,,,0,70,,1220,16,,,0,30,,1221,16,,,0,70,,1219,16,,,0,30,,1222,16,,,0,70,,1225,16,,,0,72,,1224,16,,,0,30,,1223,16,,,0,70,,1226,16,,,0,30,,1227,16,,,0,70,,1228,16,,,0,30,,1229,16,,,0,70,,1230,16,,,0,29,,1231,16,,,0,28,,1233,16,,,0,70,,1232,16,,,0,30,,1236,16,,,0,70,,1234,16,,,0,30,,1235,16,,,0,70,,1248,16,,,0,30,,1247,16,,,0,70,,1246,16,,,0,30,,1245,16,,,0,66,,1244,9,,,0,29,,1243,9,,,0,70,,1242,9,,,0,30,,1241,9,,,0,70,,1238,9,,,0,26,,1240,9,,,0,67,,1237,9,,,0,30,,1239,9,,,0
2100,'5183',1939,,452,7,,,0,70,,470,7,,,0,229,,456,7,,,0,169,,473,7,,,0
2100,'5184',733,,1342,7,,,0,70,,1372,7,,,0,32,,1344,7,,,0,70,,1358,7,,,0,30,,1345,7,,,0,70,,1359,7,,,0,30,,1343,7,,,0,70,,1360,7,,,0,30,,1347,7,,,0,70,,1363,7,,,0,34,,1346,7,,,0,70,,1362,7,,,0,30,,1348,7,,,0,70,,1365,7,,,0,31,,1349,7,,,0,70,,1361,7,,,0,30,,1350,7,,,0,70,,1364,7,,,0,30,,1351,7,,,0,70,,1366,7,,,0,30,,1352,7,,,0,70,,1367,7,,,0,29,,1353,7,,,0,70,,1368,7,,,0,130,,1354,7,,,0,69,,1369,7,,,0,30,,1357,7,,,0,70,,1370,7,,,0,99,,1371,7,,,0,30,,1356,7,,,0,100,,1355,7,,,0
2100,'5185',733,,1373,7,,,0,70,,1391,7,,,0,30,,1375,7,,,0,72,,1393,7,,,0,30,,1376,7,,,0,70,,1394,7,,,0,30,,1374,7,,,0,70,,1395,7,,,0,30,,1378,7,,,0,70,,1398,7,,,0,34,,1377,7,,,0,70,,1397,7,,,0,30,,1379,7,,,0,70,,1400,7,,,0,31,,1380,7,,,0,70,,1396,7,,,0,30,,1381,7,,,0,70,,1399,7,,,0,30,,1382,7,,,0,70,,1401,7,,,0,30,,1383,7,,,0,70,,1402,7,,,0,28,,1384,7,,,0,71,,1403,7,,,0,30,,1385,7,,,0,70,,1405,7,,,0,30,,1386,7,,,0,70,,1404,7,,,0,30,,1390,7,,,0,70,,1406,7,,,0,30,,1389,7,,,0,70,,1407,7,,,0,29,,1388,7,,,0,69,,1392,7,,,0,30,,1387,7,,,0
24002000,'5184',741,,1710,9,,,0,70,,1721,9,,,0,30,,1711,9,,,0,70,,1723,9,,,0,30,,1712,9,,,0,70,,1722,9,,,0,30,,1713,9,,,0,70,,1728,9,,,0,30,,1714,9,,,0,75,,1720,16,,,0,30,,1715,16,,,0,70,,1724,16,,,0,30,,1716,16,,,0,70,,1725,16,,,0,31,,1717,16,,,0,70,,1727,16,,,0,30,,1718,16,,,0,70,,1726,16,,,0,30,,1719,16,,,0,70,,1709,16,,,0,30,,1729,16,,,0
24002000,'5185',1717,,1730,16,,,0
