401,102715,1,0
401,102456,2,0
401,102462,3,0
401,102466,4,0
401,102470,5,0
401,102461,6,0
500,102716,1,0
500,102454,2,0
500,102460,3,0
500,102465,4,0
500,102480,5,0
500,102492,6,0
500,102499,7,0
500,102508,8,0
500,102516,9,0
500,102522,10,0
500,102515,11,0
500,102505,12,0
500,102491,13,0
500,102485,14,0
500,102478,15,0
500,102476,16,0
500,102471,17,0
500,102473,18,0
500,102484,19,0
500,102481,20,0
500,102468,21,0
500,102463,22,0
500,102453,23,0
601,102717,1,0
601,102456,2,0
601,102462,3,0
601,102466,4,0
601,102479,5,0
601,102496,6,0
601,102520,7,0
601,102526,8,0
601,102528,9,0
601,102525,10,0
601,102529,11,0
601,102521,12,0
601,102497,13,0
601,102494,14,0
601,102502,15,0
601,102493,16,0
601,102483,17,0
601,102455,18,0
700,102718,1,0
700,102450,2,0
700,102452,3,0
700,102457,4,0
700,102464,5,0
700,102458,6,0
700,102451,7,0
700,102449,8,0
1000,102690,1,0
1000,102550,2,0
1000,102548,3,0
1000,102685,4,0
1000,102553,5,0
1000,102691,6,0
1000,130005,7,0
1000,130004,8,0
1000,130006,9,0
1000,102673,10,0
1000,102639,11,0
1000,102632,12,0
1000,130003,13,0
1000,102543,14,0
1000,102523,15,0
1000,102493,16,0
1000,102483,17,0
1000,130001,18,0
1000,102462,19,0
1000,102466,20,0
1000,102479,21,0
1000,102542,22,0
1000,102594,23,0
1000,102620,24,0
1000,102703,25,0
1000,102629,26,0
1000,102659,27,0
1000,102660,28,0
1000,102656,29,0
1000,102653,30,1
1001,102653,1,0
1001,102703,2,0
1001,102619,3,0
1001,102589,4,0
1001,102536,5,0
1001,102514,6,0
1001,130007,7,0
1001,130000,8,0
1001,102486,9,0
1001,102509,10,0
1001,102533,11,0
1001,130002,12,0
1001,102628,13,0
1001,102645,14,0
1001,130005,15,0
1001,130004,16,0
1001,130006,17,0
1001,102683,18,0
1001,102686,19,1
2000,102690,1,0
2000,102550,2,0
2000,102548,3,0
2000,102685,4,0
2000,102553,5,0
2000,102691,6,0
2000,102681,7,0
2000,102680,8,0
2000,102677,9,0
2000,102676,10,0
2000,102678,11,0
2000,102679,12,0
2000,102682,13,0
2000,102673,14,0
2000,102639,15,0
2000,102632,16,0
2000,102605,17,0
2000,102599,18,0
2000,102591,19,0
2000,102576,20,0
2000,102567,21,0
2000,102555,22,0
2000,102545,23,0
2000,102543,24,0
2000,102523,25,0
2000,102493,26,0
2000,102483,27,0
2000,102455,28,0
2000,102713,29,1
2000,102714,30,1
2001,102713,1,0
2001,102456,2,0
2001,130000,3,0
2001,102486,4,0
2001,102509,5,0
2001,102533,6,0
2001,102547,7,0
2001,102554,8,0
2001,102569,9,0
2001,102578,10,0
2001,102592,11,0
2001,102596,12,0
2001,102603,13,0
2001,102628,14,0
2001,102645,15,0
2001,102681,16,0
2001,102680,17,0
2001,102677,18,0
2001,102676,19,0
2001,102678,20,0
2001,102679,21,0
2001,102682,22,0
2001,102683,23,0
2001,102690,24,1
2100,102662,1,0
2100,102665,2,0
2100,102668,3,0
2100,102671,4,0
2100,102673,5,0
2100,102639,6,0
2100,102632,7,0
2100,102605,8,0
2100,102599,9,0
2100,102591,10,0
2100,102576,11,0
2100,102567,12,0
2100,102555,13,0
2100,102545,14,0
2100,102543,15,0
2100,102523,16,0
2100,102493,17,0
2100,102483,18,0
2100,102455,19,0
2100,102713,20,1
2101,102713,1,0
2101,102456,2,0
2101,130000,3,0
2101,102486,4,0
2101,102509,5,0
2101,102533,6,0
2101,102547,7,0
2101,102554,8,0
2101,102569,9,0
2101,102578,10,0
2101,102592,11,0
2101,102596,12,0
2101,102603,13,0
2101,102628,14,0
2101,102645,15,0
2101,102672,16,0
2101,102667,17,0
2101,102664,18,0
2101,102661,19,1
2500,102599,1,0
2500,102591,2,0
2500,102576,3,0
2500,102567,4,0
2500,102555,5,0
2500,102545,6,0
2500,102543,7,0
2500,102523,8,0
2500,102493,9,0
2500,102483,10,0
2500,102455,11,0
2500,102713,12,1
2501,102713,1,0
2501,102456,2,0
2501,102486,3,0
2501,102509,4,0
2501,102533,5,0
2501,102547,6,0
2501,102554,7,0
2501,102569,8,0
2501,102578,9,0
2501,102605,10,0
2501,102599,11,1
3000,102714,1,0
3000,102456,2,0
3000,102462,3,0
3000,102466,4,0
3000,102479,5,0
3000,102496,6,0
3000,102503,7,0
3000,102517,8,0
3000,102535,9,0
3000,102542,10,0
3000,102594,11,0
3000,102600,12,0
3000,102620,13,0
3000,102622,14,0
3000,102610,15,0
3000,102604,16,0
3000,102607,17,0
3000,102621,18,0
3000,102627,19,0
3000,102631,20,0
3000,102636,21,0
3000,102634,22,0
3000,102703,23,0
3000,102629,24,0
3000,102659,25,0
3000,102660,26,0
3000,102656,27,0
3000,102653,28,1
3001,102660,1,0
3001,102656,2,0
3001,102653,3,0
3001,102703,4,0
3001,102622,5,0
3001,102610,6,0
3001,102604,7,0
3001,102607,8,0
3001,102621,9,0
3001,102627,10,0
3001,102631,11,0
3001,102636,12,0
3001,102634,13,0
3001,102619,14,0
3001,102600,15,0
3001,102589,16,0
3001,102536,17,0
3001,102514,18,0
3001,102504,19,0
3001,102498,20,0
3001,102455,21,0
3001,102714,22,1
3100,102714,1,0
3100,102456,2,0
3100,102462,3,0
3100,102466,4,0
3100,102479,5,0
3100,102496,6,0
3100,102503,7,0
3100,102517,8,0
3100,102535,9,0
3100,102542,10,0
3100,102594,11,0
3100,102600,12,0
3100,102622,13,1
3101,102622,1,0
3101,102610,2,0
3101,102604,3,0
3101,102607,4,0
3101,102621,5,0
3101,102627,6,0
3101,102631,7,0
3101,102636,8,0
3101,102634,9,0
3101,102619,10,0
3101,102600,11,0
3101,102589,12,0
3101,102536,13,0
3101,102514,14,0
3101,102504,15,0
3101,102498,16,0
3101,102455,17,0
3101,102714,18,1
3200,102714,1,0
3200,102456,2,0
3200,102462,3,0
3200,102466,4,0
3200,102470,5,0
3200,102472,6,0
3200,102488,7,0
3200,102501,8,0
3200,102507,9,0
3200,102519,10,0
3200,102539,11,0
3200,102541,12,0
3200,102542,13,0
3200,102594,14,0
3200,102600,15,0
3200,102620,16,0
3200,102703,17,0
3200,102629,18,0
3200,102659,19,0
3200,102660,20,0
3200,102656,21,0
3200,102653,22,1
3201,102653,1,0
3201,102703,2,0
3201,102619,3,0
3201,102600,4,0
3201,102589,5,0
3201,102540,6,0
3201,102534,7,0
3201,102518,8,0
3201,102506,9,0
3201,102500,10,0
3201,102487,11,0
3201,102475,12,0
3201,102461,13,0
3201,102714,14,1
3300,102714,1,0
3300,102456,2,0
3300,102462,3,0
3300,102466,4,0
3300,102470,5,0
3300,102472,6,0
3300,102488,7,0
3300,102501,8,0
3300,102507,9,0
3300,102519,10,0
3300,102539,11,0
3300,102541,12,0
3300,102542,13,0
3300,102594,14,0
3300,102600,15,0
3300,102622,16,1
3301,102622,1,0
3301,102610,2,0
3301,102604,3,0
3301,102607,4,0
3301,102621,5,0
3301,102627,6,0
3301,102631,7,0
3301,102636,8,0
3301,102634,9,0
3301,102619,10,0
3301,102600,11,0
3301,102589,12,0
3301,102540,13,0
3301,102534,14,0
3301,102518,15,0
3301,102506,16,0
3301,102500,17,0
3301,102487,18,0
3301,102475,19,0
3301,102461,20,0
3301,102714,21,1
24002000,102690,1,0
24002000,102550,2,0
24002000,102548,3,0
24002000,102685,4,0
24002000,102553,5,0
24002000,102691,6,0
24002000,102681,7,0
24002000,102680,8,0
24002000,102677,9,0
24002000,102676,10,0
24002000,102678,11,0
24002000,102679,12,0
24002000,102682,13,0
24002000,102673,14,0
24002000,102639,15,0
24002000,102632,16,0
24002000,102605,17,0
24002000,102599,18,0
24002000,102591,19,0
24002000,102543,20,0
24002000,102523,21,0
24002000,102493,22,0
24002000,102483,23,0
24002000,102455,24,0
24002000,102713,25,1
24002001,102713,1,0
24002001,102456,2,0
24002001,102486,3,0
24002001,102509,4,0
24002001,102533,5,0
24002001,102592,6,0
24002001,102596,7,0
24002001,102603,8,0
24002001,102628,9,0
24002001,102645,10,0
24002001,102681,11,0
24002001,102680,12,0
24002001,102677,13,0
24002001,102676,14,0
24002001,102678,15,0
24002001,102679,16,0
24002001,102682,17,0
24002001,102683,18,0
24002001,102690,19,1
