1000,'5183',1315,,285,14,0,5,0,118,,297,14,0,5,0,68,,286,14,0,5,0,45,,290,14,0,5,0,60,,289,14,0,5,0,20,,309,14,0,5,0,82,,292,14,0,5,0,25,,308,14,0,5,0,25,,294,14,0,5,0,96,,295,14,0,5,0,64,,296,14,0,5,0,98,,291,14,0,5,0,24,,302,14,0,5,0,96,,303,14,0,5,0
1000,'5184',544,,1050,11,,,0,64,,1030,11,,,0,23,,1052,11,,,0,24,,1033,11,,,0,65,,1031,11,,,0,25,,1032,11,,,0,66,,1035,11,,,0,25,,1055,11,,,0,66,,1034,11,,,0,25,,1038,11,,,0,25,,1054,11,,,0,65,,1036,11,,,0,25,,1040,11,,,0,65,,1039,11,,,0,25,,1037,11,,,0,25,,1041,11,,,0,68,,1042,14,0,5,0,25,,1043,14,0,5,0,92,,1044,14,0,5,0,65,,1045,14,0,5,0,119,,1046,14,0,5,0,122,,1047,14,0,5,0,180,,1048,14,0,5,0,118,,1049,14,0,5,0,159,,1051,14,0,5,0,113,,1053,14,0,5,0
1000,'5185',544,,1086,11,,,0,64,,1056,11,,,0,23,,1094,11,,,0,24,,1059,11,,,0,65,,1057,11,,,0,25,,1058,11,,,0,66,,1061,11,,,0,25,,1093,11,,,0,65,,1060,11,,,0,26,,1064,11,,,0,25,,1090,11,,,0,65,,1062,11,,,0,25,,1066,11,,,0,65,,1065,11,,,0,25,,1063,11,,,0,25,,1067,11,,,0,68,,1068,14,0,5,0,25,,1069,14,0,5,0,65,,1070,14,0,5,0,27,,1071,14,0,5,0,65,,1073,14,0,5,0,26,,1074,14,0,5,0,68,,1072,14,0,5,0,25,,1075,14,0,5,0,20,,1077,14,0,5,0,61,,1076,14,0,5,0,20,,1092,14,0,5,0,21,,1080,14,0,5,0,60,,1079,14,0,5,0,25,,1091,14,0,5,0,25,,1081,14,0,5,0,70,,1083,14,0,5,0,26,,1082,14,0,5,0,64,,1085,14,0,5,0,28,,1084,14,0,5,0,69,,1078,14,0,5,0,24,,1088,14,0,5,0,65,,1087,14,0,5,0,30,,1089,14,0,5,0,84,,1095,14,0,5,0
2000,'5184',534,,1162,17,,,0,70,,1165,17,,,0,29,,1163,17,,,0,70,,1164,17,,,0,30,,1168,17,,,0,70,,1167,17,,,0,30,,1166,17,,,0,70,,1169,17,,,0,30,,1171,17,,,0,70,,1170,17,,,0,30,,1172,17,,,0,70,,1174,17,,,0,30,,1173,17,,,0,74,,1205,24,,,0,30,,1176,24,,,0,70,,1177,24,,,0,30,,1175,24,,,0,70,,1178,24,,,0,30,,1181,24,,,0,71,,1180,24,,,0,30,,1179,24,,,0,70,,1182,24,,,0,30,,1183,24,,,0,70,,1184,24,,,0,30,,1185,24,,,0,70,,1186,24,,,0,30,,1187,24,,,0,68,,1189,24,,,0,30,,1188,24,,,0,70,,1192,24,,,0,30,,1190,24,,,0,70,,1191,24,,,0,30,,1204,24,,,0,70,,1203,24,,,0,30,,1202,24,,,0,70,,1201,24,,,0,28,,1200,17,,,0,70,,1199,17,,,0,30,,1198,17,,,0,70,,1197,17,,,0,25,,1194,17,,,0,27,,1196,17,,,0,70,,1193,17,,,0,30,,1195,17,,,0
2000,'5185',534,,1206,17,,,0,70,,1209,17,,,0,28,,1207,17,,,0,70,,1208,17,,,0,30,,1212,17,,,0,70,,1211,17,,,0,30,,1210,17,,,0,70,,1213,17,,,0,31,,1215,17,,,0,69,,1214,17,,,0,30,,1216,17,,,0,69,,1218,17,,,0,30,,1217,17,,,0,76,,1249,24,,,0,30,,1220,24,,,0,70,,1221,24,,,0,30,,1219,24,,,0,70,,1222,24,,,0,30,,1225,24,,,0,72,,1224,24,,,0,30,,1223,24,,,0,70,,1226,24,,,0,30,,1227,24,,,0,70,,1228,24,,,0,30,,1229,24,,,0,70,,1230,24,,,0,29,,1231,24,,,0,67,,1233,24,,,0,30,,1232,24,,,0,70,,1236,24,,,0,30,,1234,24,,,0,70,,1235,24,,,0,30,,1248,24,,,0,70,,1247,24,,,0,30,,1246,24,,,0,70,,1245,24,,,0,26,,1244,17,,,0,69,,1243,17,,,0,30,,1242,17,,,0,70,,1241,17,,,0,30,,1238,17,,,0,26,,1240,17,,,0,67,,1237,17,,,0,30,,1239,17,,,0
2100,'5183',1946,,452,15,,,0,70,,470,15,,,0,229,,456,15,,,0,169,,473,15,,,0
2100,'5184',741,,1342,15,,,0,70,,1372,15,,,0,32,,1344,15,,,0,70,,1358,15,,,0,30,,1345,15,,,0,70,,1359,15,,,0,30,,1343,15,,,0,70,,1360,15,,,0,30,,1347,15,,,0,70,,1363,15,,,0,34,,1346,15,,,0,70,,1362,15,,,0,30,,1348,15,,,0,70,,1365,15,,,0,31,,1349,15,,,0,70,,1361,15,,,0,30,,1350,15,,,0,70,,1364,15,,,0,30,,1351,15,,,0,70,,1366,15,,,0,30,,1352,15,,,0,70,,1367,15,,,0,29,,1353,15,,,0,69,,1368,15,,,0,130,,1354,15,,,0,69,,1369,15,,,0,30,,1357,15,,,0,70,,1370,15,,,0,99,,1371,15,,,0,30,,1356,15,,,0,100,,1355,15,,,0
2100,'5185',741,,1373,15,,,0,70,,1391,15,,,0,30,,1375,15,,,0,72,,1393,15,,,0,30,,1376,15,,,0,70,,1394,15,,,0,30,,1374,15,,,0,70,,1395,15,,,0,30,,1378,15,,,0,70,,1398,15,,,0,34,,1377,15,,,0,70,,1397,15,,,0,30,,1379,15,,,0,70,,1400,15,,,0,31,,1380,15,,,0,70,,1396,15,,,0,30,,1381,15,,,0,70,,1399,15,,,0,30,,1382,15,,,0,70,,1401,15,,,0,30,,1383,15,,,0,70,,1402,15,,,0,28,,1384,15,,,0,70,,1403,15,,,0,30,,1385,15,,,0,70,,1405,15,,,0,30,,1386,15,,,0,70,,1404,15,,,0,30,,1390,15,,,0,70,,1406,15,,,0,30,,1389,15,,,0,70,,1407,15,,,0,29,,1388,15,,,0,69,,1392,15,,,0,30,,1387,15,,,0
2500,'5184',648,,1477,7,,,0,70,,1476,7,,,0
24002000,'5184',747,,1710,13,,,0,70,,1721,13,,,0,30,,1711,13,,,0,70,,1723,13,,,0,30,,1712,13,,,0,70,,1722,13,,,0,30,,1713,13,,,0,70,,1728,13,,,0,30,,1714,13,,,0,76,,1720,20,,,0,30,,1715,20,,,0,70,,1724,20,,,0,30,,1716,20,,,0,70,,1725,20,,,0,31,,1717,20,,,0,70,,1727,20,,,0,30,,1718,20,,,0,70,,1726,20,,,0,30,,1719,20,,,0,70,,1709,20,,,0,30,,1729,20,,,0
24002000,'5185',1724,,1730,20,,,0
