601,'5183',807,,173,16,,,0,135,,176,16,,,0,877,,196,16,,,0,32,,198,16,,,0,199,,202,16,,,0,100,,211,16,,,0,170,,208,16,,,0,99,,207,16,,,0,100,,203,16,,,0
601,'5184',607,,877,16,,,0,30,,878,16,,,0,70,,879,16,,,0,30,,880,16,,,0,100,,874,16,,,0,75,,875,16,,,0,101,,885,16,,,0,30,,876,16,,,0,70,,881,16,,,0,30,,882,16,,,0,75,,883,16,,,0,30,,886,16,,,0,70,,884,16,,,0,30,,887,16,,,0,70,,888,16,,,0,30,,890,16,,,0,70,,889,16,,,0,32,,891,16,,,0,70,,893,16,,,0,30,,892,16,,,0,69,,894,16,,,0,30,,895,16,,,0,172,,897,16,,,0,30,,896,16,,,0,70,,898,16,,,0,99,,904,16,,,0,100,,903,16,,,0,30,,902,16,,,0,99,,901,16,,,0,100,,899,16,,,0,100,,900,16,,,0
601,'5185',607,,910,16,,,0,30,,911,16,,,0,70,,912,16,,,0,30,,913,16,,,0,72,,905,16,,,0,30,,906,16,,,0,75,,907,16,,,0,30,,908,16,,,0,71,,918,16,,,0,30,,909,16,,,0,70,,914,16,,,0,30,,915,16,,,0,73,,916,16,,,0,30,,919,16,,,0,70,,917,16,,,0,30,,920,16,,,0,70,,921,16,,,0,30,,923,16,,,0,70,,922,16,,,0,31,,924,16,,,0,70,,925,16,,,0,31,,926,16,,,0,69,,927,16,,,0,30,,929,16,,,0,70,,928,16,,,0,30,,930,16,,,0,70,,932,16,,,0,21,,931,16,,,0,79,,933,16,,,0,29,,934,16,,,0,70,,944,16,,,0,30,,943,16,,,0,70,,942,16,,,0,30,,941,16,,,0,70,,940,16,,,0,29,,938,16,,,0,70,,939,16,,,0,30,,936,16,,,0,72,,935,16,,,0,30,,937,16,,,0
1000,'5183',1317,,285,16,0,5,0,118,,297,16,0,5,0,68,,286,16,0,5,0,45,,290,16,0,5,0,60,,289,16,0,5,0,20,,309,16,0,5,0,82,,292,16,0,5,0,25,,308,16,0,5,0,65,,294,16,0,5,0,56,,295,16,0,5,0,64,,296,16,0,5,0,98,,291,16,0,5,0,24,,302,16,0,5,0,96,,303,16,0,5,0
1000,'5184',545,,1050,13,,,0,64,,1030,13,,,0,24,,1052,13,,,0,24,,1033,13,,,0,65,,1031,13,,,0,25,,1032,13,,,0,66,,1035,13,,,0,25,,1055,13,,,0,65,,1034,13,,,0,25,,1038,13,,,0,25,,1054,13,,,0,65,,1036,13,,,0,25,,1040,13,,,0,65,,1039,13,,,0,25,,1037,13,,,0,25,,1041,13,,,0,69,,1042,16,0,5,0,25,,1043,16,0,5,0,92,,1044,16,0,5,0,65,,1045,16,0,5,0,119,,1046,16,0,5,0,122,,1047,16,0,5,0,180,,1048,16,0,5,0,118,,1049,16,0,5,0,159,,1051,16,0,5,0,113,,1053,16,0,5,0
1000,'5185',545,,1086,13,,,0,64,,1056,13,,,0,24,,1094,13,,,0,24,,1059,13,,,0,65,,1057,13,,,0,25,,1058,13,,,0,66,,1061,13,,,0,25,,1093,13,,,0,64,,1060,13,,,0,26,,1064,13,,,0,25,,1090,13,,,0,65,,1062,13,,,0,25,,1066,13,,,0,65,,1065,13,,,0,25,,1063,13,,,0,25,,1067,13,,,0,69,,1068,16,0,5,0,25,,1069,16,0,5,0,65,,1070,16,0,5,0,27,,1071,16,0,5,0,65,,1073,16,0,5,0,26,,1074,16,0,5,0,68,,1072,16,0,5,0,25,,1075,16,0,5,0,20,,1077,16,0,5,0,61,,1076,16,0,5,0,20,,1092,16,0,5,0,21,,1080,16,0,5,0,60,,1079,16,0,5,0,25,,1091,16,0,5,0,65,,1081,16,0,5,0,30,,1083,16,0,5,0,26,,1082,16,0,5,0,64,,1085,16,0,5,0,28,,1084,16,0,5,0,69,,1078,16,0,5,0,24,,1088,16,0,5,0,65,,1087,16,0,5,0,30,,1089,16,0,5,0,84,,1095,16,0,5,0
2000,'5184',536,,1162,19,,,0,70,,1165,19,,,0,30,,1163,19,,,0,70,,1164,19,,,0,30,,1168,19,,,0,70,,1167,19,,,0,30,,1166,19,,,0,70,,1169,19,,,0,30,,1171,19,,,0,70,,1170,19,,,0,30,,1172,19,,,0,70,,1174,19,,,0,30,,1173,19,,,0,73,,1205,26,,,0,30,,1176,26,,,0,70,,1177,26,,,0,30,,1175,26,,,0,70,,1178,26,,,0,30,,1181,26,,,0,71,,1180,26,,,0,30,,1179,26,,,0,70,,1182,26,,,0,30,,1183,26,,,0,70,,1184,26,,,0,30,,1185,26,,,0,70,,1186,26,,,0,30,,1187,26,,,0,68,,1189,26,,,0,30,,1188,26,,,0,70,,1192,26,,,0,30,,1190,26,,,0,70,,1191,26,,,0,30,,1204,26,,,0,70,,1203,26,,,0,30,,1202,26,,,0,70,,1201,26,,,0,28,,1200,19,,,0,70,,1199,19,,,0,30,,1198,19,,,0,70,,1197,19,,,0,25,,1194,19,,,0,27,,1196,19,,,0,70,,1193,19,,,0,30,,1195,19,,,0
2000,'5185',536,,1206,19,,,0,70,,1209,19,,,0,29,,1207,19,,,0,70,,1208,19,,,0,30,,1212,19,,,0,70,,1211,19,,,0,30,,1210,19,,,0,70,,1213,19,,,0,31,,1215,19,,,0,69,,1214,19,,,0,30,,1216,19,,,0,69,,1218,19,,,0,30,,1217,19,,,0,75,,1249,26,,,0,30,,1220,26,,,0,70,,1221,26,,,0,30,,1219,26,,,0,70,,1222,26,,,0,30,,1225,26,,,0,72,,1224,26,,,0,30,,1223,26,,,0,70,,1226,26,,,0,30,,1227,26,,,0,70,,1228,26,,,0,30,,1229,26,,,0,70,,1230,26,,,0,29,,1231,26,,,0,67,,1233,26,,,0,30,,1232,26,,,0,70,,1236,26,,,0,30,,1234,26,,,0,70,,1235,26,,,0,30,,1248,26,,,0,70,,1247,26,,,0,30,,1246,26,,,0,70,,1245,26,,,0,26,,1244,19,,,0,69,,1243,19,,,0,30,,1242,19,,,0,70,,1241,19,,,0,30,,1238,19,,,0,26,,1240,19,,,0,67,,1237,19,,,0,30,,1239,19,,,0
2100,'5183',1948,,452,17,,,0,70,,470,17,,,0,229,,456,17,,,0,169,,473,17,,,0
2100,'5184',744,,1342,17,,,0,70,,1372,17,,,0,32,,1344,17,,,0,70,,1358,17,,,0,30,,1345,17,,,0,70,,1359,17,,,0,30,,1343,17,,,0,70,,1360,17,,,0,30,,1347,17,,,0,70,,1363,17,,,0,33,,1346,17,,,0,70,,1362,17,,,0,30,,1348,17,,,0,70,,1365,17,,,0,31,,1349,17,,,0,70,,1361,17,,,0,30,,1350,17,,,0,70,,1364,17,,,0,30,,1351,17,,,0,70,,1366,17,,,0,30,,1352,17,,,0,70,,1367,17,,,0,29,,1353,17,,,0,69,,1368,17,,,0,130,,1354,17,,,0,69,,1369,17,,,0,30,,1357,17,,,0,70,,1370,17,,,0,99,,1371,17,,,0,30,,1356,17,,,0,100,,1355,17,,,0
2100,'5185',744,,1373,17,,,0,70,,1391,17,,,0,30,,1375,17,,,0,72,,1393,17,,,0,30,,1376,17,,,0,70,,1394,17,,,0,30,,1374,17,,,0,70,,1395,17,,,0,30,,1378,17,,,0,70,,1398,17,,,0,33,,1377,17,,,0,70,,1397,17,,,0,30,,1379,17,,,0,70,,1400,17,,,0,31,,1380,17,,,0,70,,1396,17,,,0,30,,1381,17,,,0,70,,1399,17,,,0,30,,1382,17,,,0,70,,1401,17,,,0,30,,1383,17,,,0,70,,1402,17,,,0,28,,1384,17,,,0,70,,1403,17,,,0,30,,1385,17,,,0,70,,1405,17,,,0,30,,1386,17,,,0,70,,1404,17,,,0,30,,1390,17,,,0,70,,1406,17,,,0,30,,1389,17,,,0,70,,1407,17,,,0,29,,1388,17,,,0,69,,1392,17,,,0,30,,1387,17,,,0
2500,'5184',651,,1477,9,,,0,70,,1476,9,,,0
24002000,'5184',750,,1710,15,,,0,70,,1721,15,,,0,30,,1711,15,,,0,70,,1723,15,,,0,30,,1712,15,,,0,70,,1722,15,,,0,30,,1713,15,,,0,70,,1728,15,,,0,30,,1714,15,,,0,75,,1720,22,,,0,30,,1715,22,,,0,70,,1724,22,,,0,30,,1716,22,,,0,70,,1725,22,,,0,31,,1717,22,,,0,70,,1727,22,,,0,30,,1718,22,,,0,70,,1726,22,,,0,30,,1719,22,,,0,70,,1709,22,,,0,30,,1729,22,,,0
24002000,'5185',1726,,1730,22,,,0
