1000,'5183',1323,,285,22,0,5,0,119,,297,22,0,5,0,68,,286,22,0,5,0,45,,290,22,0,5,0,60,,289,22,0,5,0,21,,309,22,0,5,0,82,,292,22,0,5,0,25,,308,22,0,5,0,64,,294,22,0,5,0,96,,295,22,0,5,0,24,,296,22,0,5,0,97,,291,22,0,5,0,24,,302,22,0,5,0,96,,303,22,0,5,0
1000,'5184',551,,1050,19,,,0,64,,1030,19,,,0,24,,1052,19,,,0,64,,1033,19,,,0,25,,1031,19,,,0,25,,1032,19,,,0,66,,1035,19,,,0,25,,1055,19,,,0,65,,1034,19,,,0,25,,1038,19,,,0,25,,1054,19,,,0,65,,1036,19,,,0,25,,1040,19,,,0,65,,1039,19,,,0,25,,1037,19,,,0,65,,1041,19,,,0,29,,1042,22,0,5,0,25,,1043,22,0,5,0,92,,1044,22,0,5,0,65,,1045,22,0,5,0,120,,1046,22,0,5,0,123,,1047,22,0,5,0,179,,1048,22,0,5,0,117,,1049,22,0,5,0,159,,1051,22,0,5,0,113,,1053,22,0,5,0
1000,'5185',551,,1086,19,,,0,64,,1056,19,,,0,24,,1094,19,,,0,64,,1059,19,,,0,25,,1057,19,,,0,25,,1058,19,,,0,66,,1061,19,,,0,25,,1093,19,,,0,64,,1060,19,,,0,26,,1064,19,,,0,25,,1090,19,,,0,65,,1062,19,,,0,25,,1066,19,,,0,65,,1065,19,,,0,25,,1063,19,,,0,65,,1067,19,,,0,29,,1068,22,0,5,0,25,,1069,22,0,5,0,65,,1070,22,0,5,0,27,,1071,22,0,5,0,65,,1073,22,0,5,0,27,,1074,22,0,5,0,68,,1072,22,0,5,0,25,,1075,22,0,5,0,20,,1077,22,0,5,0,61,,1076,22,0,5,0,21,,1092,22,0,5,0,21,,1080,22,0,5,0,60,,1079,22,0,5,0,25,,1091,22,0,5,0,64,,1081,22,0,5,0,30,,1083,22,0,5,0,66,,1082,22,0,5,0,24,,1085,22,0,5,0,27,,1084,22,0,5,0,69,,1078,22,0,5,0,24,,1088,22,0,5,0,65,,1087,22,0,5,0,30,,1089,22,0,5,0,84,,1095,22,0,5,0
3000,'5184',614,,1479,9,0,5,0,30,,1493,9,0,5,0,1314,,1495,10,,,0,70,,1494,10,,,0,31,,1481,10,,,0,70,,1485,10,,,0,30,,1480,10,,,0,70,,1484,10,,,0,30,,1482,10,,,0,70,,1483,10,,,0,30,,1486,10,,,0,69,,1487,10,,,0,30,,1488,10,,,0,69,,1489,10,,,0,76,,1490,10,,,0,30,,1491,10,,,0,84,,1492,10,,,0
3000,'5185',614,,1506,9,0,5,0,30,,1498,9,0,5,0,1315,,1505,10,,,0,70,,1507,10,,,0,30,,1497,10,,,0,70,,1508,10,,,0,30,,1510,10,,,0,70,,1509,10,,,0,30,,1511,10,,,0,70,,1504,10,,,0,30,,1512,10,,,0,69,,1500,10,,,0,30,,1502,10,,,0,70,,1501,10,,,0,75,,1503,10,,,0,32,,1496,10,,,0,82,,1499,10,,,0
3100,'5183',842,,574,10,,,0,107,,550,10,,,0,82,,549,10,,,0,81,,548,10,,,0,417,,570,10,,,0,307,,557,10,,,0
3100,'5184',722,,1556,10,,,0,15,,1561,10,,,0,15,,1558,10,,,0,58,,1562,10,,,0,15,,1560,10,,,0,76,,1559,10,,,0,23,,1567,10,,,0,87,,1568,10,,,0,142,,1546,10,,,0,81,,1545,10,,,0,81,,1549,10,,,0,41,,1547,10,,,0,81,,1548,10,,,0,77,,1550,10,,,0,30,,1555,10,,,0,15,,1564,10,,,0,55,,1551,10,,,0,15,,1565,10,,,0,16,,1553,10,,,0,55,,1566,10,,,0,15,,1557,10,,,0,19,,1563,10,,,0,25,,1554,10,,,0,158,,1552,10,,,0
3100,'5185',722,,1577,10,,,0,34,,1586,10,,,0,71,,1582,10,,,0,78,,1584,10,,,0,41,,1580,10,,,0,85,,1569,10,,,0,81,,1570,10,,,0,41,,1571,10,,,0,81,,1576,10,,,0,81,,1581,10,,,0,41,,1579,10,,,0,81,,1572,10,,,0,77,,1573,10,,,0,30,,1588,10,,,0,70,,1585,10,,,0,31,,1583,10,,,0,70,,1587,10,,,0,86,,1575,10,,,0,35,,1578,10,,,0,81,,1574,10,,,0
3200,'5184',713,,1646,13,,,0,30,,1647,13,,,0,71,,1644,13,,,0,30,,1645,13,,,0,70,,1652,13,,,0,30,,1653,13,,,0,69,,1651,13,,,0,512,,1642,13,,,0,30,,1648,13,,,0,70,,1649,13,,,0,30,,1641,13,,,0,70,,1643,13,,,0,25,,1650,13,,,0
3200,'5185',713,,1661,13,,,0,30,,1662,13,,,0,71,,1654,13,,,0,30,,1655,13,,,0,681,,1656,13,,,0,30,,1658,13,,,0,70,,1663,13,,,0,30,,1659,13,,,0,70,,1657,13,,,0,25,,1660,13,,,0
3300,'5184',1050,,1691,13,,,0,83,,1690,13,,,0,80,,1692,13,,,0,40,,1689,13,,,0,84,,1695,13,,,0,79,,1696,13,,,0,39,,1698,13,,,0,359,,1694,13,,,0,42,,1693,13,,,0,82,,1697,13,,,0
