1001,'5183',1354,,325,9,,,0,159,,329,9,,,0,28,,327,9,,,0,85,,330,9,,,0,20,,333,9,,,0,61,,349,9,,,0,42,,336,9,,,0,65,,348,9,,,0,24,,337,9,,,0,96,,334,9,,,0,23,,338,9,,,0,96,,332,9,,,0,64,,342,9,,,0,95,,343,9,,,0
1001,'5184',619,,1116,9,0,6,0,24,,1096,9,0,6,0,64,,1118,9,0,6,0,25,,1098,9,0,6,0,25,,1099,9,0,6,0,66,,1097,9,0,6,0,26,,1101,9,0,6,0,65,,1120,9,0,6,0,25,,1100,9,0,6,0,65,,1103,9,0,6,0,25,,1121,9,0,6,0,26,,1104,9,0,6,0,65,,1105,9,0,6,0,25,,1102,9,0,6,0,65,,1106,9,,,0,25,,1107,9,,,0,69,,1108,9,,,0,25,,1109,9,,,0,92,,1110,9,,,0,25,,1111,9,,,0,160,,1112,9,,,0,123,,1113,9,,,0,179,,1114,9,,,0,116,,1117,9,,,0,117,,1115,9,,,0,113,,1119,9,,,0
1001,'5185',619,,1152,9,0,6,0,24,,1122,9,0,6,0,64,,1156,9,0,6,0,25,,1124,9,0,6,0,25,,1125,9,0,6,0,66,,1123,9,0,6,0,26,,1127,9,0,6,0,65,,1160,9,0,6,0,24,,1126,9,0,6,0,66,,1129,9,0,6,0,25,,1161,9,0,6,0,26,,1130,9,0,6,0,65,,1131,9,0,6,0,25,,1128,9,0,6,0,65,,1132,9,,,0,25,,1133,9,,,0,69,,1134,9,,,0,25,,1136,9,,,0,25,,1137,9,,,0,67,,1135,9,,,0,25,,1138,9,,,0,67,,1141,9,,,0,28,,1139,9,,,0,65,,1140,9,,,0,20,,1142,9,,,0,21,,1145,9,,,0,61,,1158,9,,,0,21,,1143,9,,,0,20,,1148,9,,,0,65,,1157,9,,,0,24,,1149,9,,,0,70,,1147,9,,,0,26,,1146,9,,,0,23,,1150,9,,,0,67,,1153,9,,,0,28,,1144,9,,,0,64,,1154,9,,,0,25,,1151,9,,,0,69,,1155,9,,,0,44,,1159,9,,,0
2001,'5184',550,,1252,3,,,0,70,,1250,3,,,0,29,,1253,3,,,0,70,,1251,3,,,0,30,,1256,3,,,0,70,,1255,3,,,0,31,,1254,3,,,0,70,,1257,3,,,0,30,,1258,3,,,0,70,,1259,3,,,0,30,,1260,3,,,0,70,,1261,3,,,0,34,,1262,3,,,0,70,,1265,3,,,0,30,,1264,3,,,0,70,,1263,3,,,0,30,,1266,3,,,0,70,,1268,3,,,0,30,,1269,3,,,0,69,,1267,3,,,0,30,,1270,3,,,0,70,,1271,3,,,0,30,,1272,3,,,0,70,,1273,3,,,0,30,,1274,3,,,0,70,,1275,3,,,0,30,,1277,3,,,0,70,,1276,3,,,0,30,,1278,3,,,0,70,,1279,3,,,0,30,,1280,4,,,0,70,,1292,4,,,0,30,,1291,4,,,0,70,,1290,4,,,0,29,,1289,4,,,0,69,,1288,4,,,0,30,,1287,4,,,0,70,,1286,4,,,0,30,,1285,4,,,0,70,,1283,4,,,0,30,,1282,4,,,0,70,,1284,4,,,0,30,,1295,4,,,0,65,,1281,4,,,0
2001,'5185',550,,1298,3,,,0,70,,1296,3,,,0,29,,1299,3,,,0,70,,1297,3,,,0,30,,1302,3,,,0,70,,1301,3,,,0,31,,1300,3,,,0,70,,1303,3,,,0,30,,1304,3,,,0,70,,1305,3,,,0,30,,1306,3,,,0,70,,1307,3,,,0,35,,1308,3,,,0,70,,1311,3,,,0,30,,1310,3,,,0,70,,1309,3,,,0,29,,1312,3,,,0,70,,1314,3,,,0,30,,1315,3,,,0,69,,1313,3,,,0,30,,1316,3,,,0,70,,1317,3,,,0,30,,1318,3,,,0,70,,1319,3,,,0,30,,1320,3,,,0,70,,1321,3,,,0,31,,1323,3,,,0,70,,1322,3,,,0,30,,1324,3,,,0,70,,1325,3,,,0,30,,1326,4,,,0,70,,1338,4,,,0,30,,1337,4,,,0,70,,1336,4,,,0,28,,1335,4,,,0,69,,1334,4,,,0,30,,1333,4,,,0,70,,1332,4,,,0,30,,1331,4,,,0,67,,1329,4,,,0,30,,1328,4,,,0,70,,1330,4,,,0,30,,1340,4,,,0,70,,1327,4,,,0
2101,'5183',1912,,487,3,,,0,30,,505,3,,,0,270,,492,4,,,0,129,,509,4,,,0
2101,'5184',707,,1408,3,,,0,30,,1439,3,,,0,72,,1410,3,,,0,31,,1425,3,,,0,70,,1412,3,,,0,30,,1427,3,,,0,70,,1409,3,,,0,30,,1426,3,,,0,70,,1414,3,,,0,30,,1428,3,,,0,73,,1411,3,,,0,30,,1431,3,,,0,70,,1413,3,,,0,30,,1432,3,,,0,70,,1415,3,,,0,30,,1430,3,,,0,68,,1416,3,,,0,30,,1429,3,,,0,70,,1417,3,,,0,30,,1433,3,,,0,70,,1418,3,,,0,31,,1434,3,,,0,70,,1419,3,,,0,30,,1435,3,,,0,170,,1420,3,,,0,30,,1436,4,,,0,70,,1424,4,,,0,30,,1437,4,,,0,100,,1438,4,,,0,69,,1423,4,,,0,100,,1421,4,,,0,100,,1422,4,,,0
2101,'5185',707,,1440,3,,,0,30,,1460,3,,,0,70,,1442,3,,,0,33,,1461,3,,,0,70,,1444,3,,,0,30,,1463,3,,,0,70,,1441,3,,,0,30,,1462,3,,,0,70,,1446,3,,,0,30,,1464,3,,,0,73,,1443,3,,,0,30,,1467,3,,,0,70,,1445,3,,,0,30,,1468,3,,,0,70,,1447,3,,,0,30,,1466,3,,,0,67,,1448,3,,,0,30,,1465,3,,,0,70,,1449,3,,,0,30,,1469,3,,,0,70,,1450,3,,,0,31,,1470,3,,,0,70,,1451,3,,,0,32,,1471,3,,,0,70,,1452,3,,,0,30,,1472,3,,,0,70,,1453,3,,,0,30,,1473,4,,,0,70,,1458,4,,,0,30,,1474,4,,,0,70,,1457,4,,,0,30,,1475,4,,,0,69,,1456,4,,,0,30,,1459,4,,,0,70,,1454,4,,,0,96,,1455,4,,,0
2501,'5184',634,,1478,3,,,0
24002001,'5184',805,,1732,3,,,0,30,,1746,3,,,0,70,,1733,3,,,0,30,,1742,3,,,0,70,,1734,3,,,0,30,,1743,3,,,0,70,,1735,3,,,0,30,,1750,3,,,0,72,,1736,3,,,0,30,,1744,3,,,0,70,,1737,3,,,0,30,,1749,3,,,0,70,,1738,3,,,0,30,,1747,3,,,0,70,,1739,3,,,0,30,,1745,3,,,0,70,,1740,3,,,0,30,,1748,3,,,0,70,,1741,3,,,0,30,,1731,3,,,0,70,,1751,3,,,0
24002001,'5185',1737,,1752,3,,,0
