3000,'5184',617,,1479,11,0,5,0,30,,1493,11,0,5,0,1354,,1495,12,,,0,30,,1494,12,,,0,71,,1481,12,,,0,30,,1485,12,,,0,70,,1480,12,,,0,30,,1484,12,,,0,70,,1482,12,,,0,30,,1483,12,,,0,70,,1486,12,,,0,29,,1487,12,,,0,70,,1488,12,,,0,29,,1489,12,,,0,76,,1490,12,,,0,30,,1491,12,,,0,84,,1492,12,,,0
3000,'5185',617,,1506,11,0,5,0,30,,1498,11,0,5,0,1355,,1505,12,,,0,30,,1507,12,,,0,70,,1497,12,,,0,30,,1508,12,,,0,70,,1510,12,,,0,30,,1509,12,,,0,70,,1511,12,,,0,30,,1504,12,,,0,70,,1512,12,,,0,29,,1500,12,,,0,70,,1502,12,,,0,30,,1501,12,,,0,75,,1503,12,,,0,32,,1496,12,,,0,82,,1499,12,,,0
3001,'5184',530,,1513,15,,,0,71,,1514,15,,,0,1432,,1527,13,,,0,70,,1528,13,,,0,22,,1515,4,,,0,30,,1519,4,,,0,70,,1516,4,,,0,30,,1518,4,,,0,70,,1517,4,,,0,30,,1520,4,,,0,69,,1521,4,,,0,29,,1522,4,,,0,70,,1523,4,,,0,29,,1524,4,,,0,76,,1525,4,,,0,30,,1526,4,,,0
3001,'5185',530,,1530,15,,,0,70,,1537,15,,,0,1434,,1539,13,,,0,70,,1538,13,,,0,21,,1542,4,,,0,30,,1540,4,,,0,70,,1544,4,,,0,30,,1543,4,,,0,70,,1541,4,,,0,30,,1533,4,,,0,69,,1532,4,,,0,29,,1535,4,,,0,70,,1529,4,,,0,30,,1531,4,,,0,75,,1534,4,,,0,72,,1536,4,,,0
3100,'5183',845,,574,12,,,0,107,,550,12,,,0,82,,549,12,,,0,81,,548,12,,,0,417,,570,12,,,0,307,,557,12,,,0
3100,'5184',725,,1556,12,,,0,15,,1561,12,,,0,15,,1558,12,,,0,58,,1562,12,,,0,15,,1560,12,,,0,76,,1559,12,,,0,23,,1567,12,,,0,87,,1568,12,,,0,142,,1546,12,,,0,81,,1545,12,,,0,81,,1549,12,,,0,41,,1547,12,,,0,81,,1548,12,,,0,77,,1550,12,,,0,30,,1555,12,,,0,55,,1564,12,,,0,15,,1551,12,,,0,15,,1565,12,,,0,16,,1553,12,,,0,55,,1566,12,,,0,15,,1557,12,,,0,19,,1563,12,,,0,65,,1554,12,,,0,118,,1552,12,,,0
3100,'5185',725,,1577,12,,,0,34,,1586,12,,,0,71,,1582,12,,,0,78,,1584,12,,,0,41,,1580,12,,,0,85,,1569,12,,,0,81,,1570,12,,,0,41,,1571,12,,,0,81,,1576,12,,,0,81,,1581,12,,,0,41,,1579,12,,,0,81,,1572,12,,,0,77,,1573,12,,,0,30,,1588,12,,,0,70,,1585,12,,,0,31,,1583,12,,,0,70,,1587,12,,,0,86,,1575,12,,,0,35,,1578,12,,,0,81,,1574,12,,,0
3101,'5183',856,,610,11,,,0,146,,579,11,,,0,42,,580,11,,,0,81,,578,11,,,0,418,,605,11,,,0,307,,587,11,,,0
3101,'5184',632,,1602,11,,,0,19,,1611,11,,,0,55,,1603,11,,,0,15,,1608,11,,,0,15,,1604,11,,,0,15,,1609,11,,,0,55,,1605,11,,,0,18,,1610,11,,,0,15,,1606,11,,,0,75,,1607,11,,,0,23,,1616,11,,,0,87,,1617,11,,,0,182,,1590,11,,,0,41,,1589,11,,,0,81,,1593,11,,,0,81,,1591,11,,,0,42,,1592,11,,,0,77,,1594,11,,,0,30,,1600,11,,,0,55,,1613,11,,,0,15,,1595,11,,,0,15,,1614,11,,,0,16,,1596,11,,,0,55,,1615,11,,,0,15,,1601,11,,,0,19,,1612,11,,,0,65,,1599,11,,,0,118,,1597,11,,,0,73,,1598,11,,,0
3101,'5185',632,,1638,11,,,0,74,,1635,11,,,0,30,,1631,11,,,0,74,,1625,11,,,0,31,,1629,11,,,0,77,,1628,11,,,0,41,,1634,11,,,0,85,,1618,11,,,0,81,,1619,11,,,0,81,,1633,11,,,0,41,,1621,11,,,0,81,,1622,11,,,0,81,,1620,11,,,0,42,,1632,11,,,0,77,,1636,11,,,0,30,,1637,11,,,0,70,,1623,11,,,0,31,,1630,11,,,0,70,,1640,11,,,0,86,,1626,11,,,0,35,,1624,11,,,0,81,,1639,11,,,0,73,,1627,11,,,0
3200,'5184',717,,1646,15,,,0,30,,1647,15,,,0,71,,1644,15,,,0,30,,1645,15,,,0,70,,1652,15,,,0,30,,1653,15,,,0,69,,1651,15,,,0,512,,1642,15,,,0,30,,1648,15,,,0,70,,1649,15,,,0,30,,1641,15,,,0,70,,1643,15,,,0,25,,1650,15,,,0
3200,'5185',717,,1661,15,,,0,30,,1662,15,,,0,71,,1654,15,,,0,30,,1655,15,,,0,681,,1656,15,,,0,30,,1658,15,,,0,70,,1663,15,,,0,30,,1659,15,,,0,70,,1657,15,,,0,25,,1660,15,,,0
3201,'5184',635,,1670,4,,,0,70,,1664,4,,,0,30,,1671,4,,,0,70,,1672,4,,,0,31,,1669,4,,,0,70,,1668,4,,,0,30,,1676,4,,,0,70,,1677,4,,,0,29,,1675,4,,,0,512,,1665,4,,,0,70,,1674,4,,,0,30,,1673,4,,,0,70,,1667,4,,,0,30,,1666,4,,,0
3201,'5185',635,,1686,4,,,0,70,,1680,4,,,0,30,,1684,4,,,0,70,,1687,4,,,0,31,,1683,4,,,0,70,,1682,4,,,0,641,,1679,4,,,0,70,,1688,4,,,0,30,,1685,4,,,0,70,,1678,4,,,0,30,,1681,4,,,0
3300,'5184',1054,,1691,15,,,0,83,,1690,15,,,0,80,,1692,15,,,0,40,,1689,15,,,0,84,,1695,15,,,0,79,,1696,15,,,0,39,,1698,15,,,0,359,,1694,15,,,0,82,,1693,15,,,0,42,,1697,15,,,0
3301,'5184',1105,,1700,11,,,0,43,,1701,11,,,0,80,,1702,11,,,0,80,,1699,11,,,0,44,,1704,11,,,0,79,,1705,11,,,0,79,,1708,11,,,0,320,,1706,11,,,0,82,,1703,11,,,0,41,,1707,11,,,0
