1000,'5183',1310,,285,11,0,5,0,118,,297,11,0,5,0,28,,286,11,0,5,0,85,,290,11,0,5,0,60,,289,11,0,5,0,20,,309,11,0,5,0,82,,292,11,0,5,0,25,,308,11,0,5,0,25,,294,11,0,5,0,96,,295,11,0,5,0,64,,296,11,0,5,0,98,,291,11,0,5,0,25,,302,11,0,5,0,96,,303,11,0,5,0
1000,'5184',540,,1050,8,,,0,64,,1030,8,,,0,23,,1052,8,,,0,24,,1033,8,,,0,64,,1031,8,,,0,25,,1032,8,,,0,66,,1035,8,,,0,25,,1055,8,,,0,26,,1034,8,,,0,65,,1038,8,,,0,25,,1054,8,,,0,65,,1036,8,,,0,25,,1040,8,,,0,65,,1039,8,,,0,25,,1037,8,,,0,25,,1041,8,,,0,68,,1042,11,0,5,0,25,,1043,11,0,5,0,92,,1044,11,0,5,0,65,,1045,11,0,5,0,119,,1046,11,0,5,0,122,,1047,11,0,5,0,180,,1048,11,0,5,0,118,,1049,11,0,5,0,160,,1051,11,0,5,0,113,,1053,11,0,5,0
1000,'5185',540,,1086,8,,,0,64,,1056,8,,,0,23,,1094,8,,,0,24,,1059,8,,,0,64,,1057,8,,,0,25,,1058,8,,,0,66,,1061,8,,,0,25,,1093,8,,,0,25,,1060,8,,,0,66,,1064,8,,,0,25,,1090,8,,,0,65,,1062,8,,,0,25,,1066,8,,,0,65,,1065,8,,,0,25,,1063,8,,,0,25,,1067,8,,,0,68,,1068,11,0,5,0,25,,1069,11,0,5,0,65,,1070,11,0,5,0,27,,1071,11,0,5,0,65,,1073,11,0,5,0,26,,1074,11,0,5,0,28,,1072,11,0,5,0,65,,1075,11,0,5,0,20,,1077,11,0,5,0,61,,1076,11,0,5,0,20,,1092,11,0,5,0,21,,1080,11,0,5,0,60,,1079,11,0,5,0,25,,1091,11,0,5,0,25,,1081,11,0,5,0,70,,1083,11,0,5,0,26,,1082,11,0,5,0,64,,1085,11,0,5,0,28,,1084,11,0,5,0,69,,1078,11,0,5,0,25,,1088,11,0,5,0,65,,1087,11,0,5,0,30,,1089,11,0,5,0,84,,1095,11,0,5,0
2000,'5184',526,,1162,8,,,0,29,,1165,8,,,0,69,,1163,8,,,0,30,,1164,8,,,0,70,,1168,8,,,0,30,,1167,8,,,0,70,,1166,8,,,0,30,,1169,8,,,0,70,,1171,8,,,0,30,,1170,8,,,0,70,,1172,8,,,0,30,,1174,8,,,0,70,,1173,8,,,0,34,,1205,15,,,0,70,,1176,15,,,0,30,,1177,15,,,0,70,,1175,15,,,0,30,,1178,15,,,0,70,,1181,15,,,0,30,,1180,15,,,0,70,,1179,15,,,0,30,,1182,15,,,0,70,,1183,15,,,0,30,,1184,15,,,0,70,,1185,15,,,0,30,,1186,15,,,0,70,,1187,15,,,0,30,,1189,15,,,0,70,,1188,15,,,0,30,,1192,15,,,0,70,,1190,15,,,0,30,,1191,15,,,0,70,,1204,15,,,0,30,,1203,15,,,0,70,,1202,15,,,0,30,,1201,15,,,0,68,,1200,8,,,0,30,,1199,8,,,0,70,,1198,8,,,0,30,,1197,8,,,0,65,,1194,8,,,0,27,,1196,8,,,0,70,,1193,8,,,0,30,,1195,8,,,0
2000,'5185',526,,1206,8,,,0,29,,1209,8,,,0,68,,1207,8,,,0,30,,1208,8,,,0,70,,1212,8,,,0,30,,1211,8,,,0,70,,1210,8,,,0,30,,1213,8,,,0,71,,1215,8,,,0,29,,1214,8,,,0,70,,1216,8,,,0,29,,1218,8,,,0,70,,1217,8,,,0,36,,1249,15,,,0,70,,1220,15,,,0,30,,1221,15,,,0,70,,1219,15,,,0,30,,1222,15,,,0,70,,1225,15,,,0,31,,1224,15,,,0,70,,1223,15,,,0,30,,1226,15,,,0,70,,1227,15,,,0,30,,1228,15,,,0,70,,1229,15,,,0,30,,1230,15,,,0,69,,1231,15,,,0,29,,1233,15,,,0,70,,1232,15,,,0,30,,1236,15,,,0,70,,1234,15,,,0,30,,1235,15,,,0,70,,1248,15,,,0,30,,1247,15,,,0,70,,1246,15,,,0,30,,1245,15,,,0,66,,1244,8,,,0,29,,1243,8,,,0,70,,1242,8,,,0,30,,1241,8,,,0,70,,1238,8,,,0,26,,1240,8,,,0,67,,1237,8,,,0,30,,1239,8,,,0
2100,'5183',1938,,452,6,,,0,70,,470,6,,,0,229,,456,6,,,0,169,,473,6,,,0
2100,'5184',732,,1342,6,,,0,70,,1372,6,,,0,32,,1344,6,,,0,70,,1358,6,,,0,30,,1345,6,,,0,70,,1359,6,,,0,30,,1343,6,,,0,70,,1360,6,,,0,30,,1347,6,,,0,70,,1363,6,,,0,34,,1346,6,,,0,70,,1362,6,,,0,30,,1348,6,,,0,70,,1365,6,,,0,30,,1349,6,,,0,70,,1361,6,,,0,30,,1350,6,,,0,70,,1364,6,,,0,30,,1351,6,,,0,70,,1366,6,,,0,30,,1352,6,,,0,70,,1367,6,,,0,30,,1353,6,,,0,70,,1368,6,,,0,130,,1354,6,,,0,69,,1369,6,,,0,30,,1357,6,,,0,70,,1370,6,,,0,99,,1371,6,,,0,30,,1356,6,,,0,100,,1355,6,,,0
2100,'5185',732,,1373,6,,,0,70,,1391,6,,,0,30,,1375,6,,,0,72,,1393,6,,,0,30,,1376,6,,,0,70,,1394,6,,,0,30,,1374,6,,,0,70,,1395,6,,,0,30,,1378,6,,,0,70,,1398,6,,,0,34,,1377,6,,,0,70,,1397,6,,,0,30,,1379,6,,,0,70,,1400,6,,,0,30,,1380,6,,,0,70,,1396,6,,,0,30,,1381,6,,,0,70,,1399,6,,,0,30,,1382,6,,,0,70,,1401,6,,,0,30,,1383,6,,,0,70,,1402,6,,,0,29,,1384,6,,,0,71,,1403,6,,,0,30,,1385,6,,,0,70,,1405,6,,,0,30,,1386,6,,,0,70,,1404,6,,,0,30,,1390,6,,,0,70,,1406,6,,,0,30,,1389,6,,,0,70,,1407,6,,,0,29,,1388,6,,,0,69,,1392,6,,,0,30,,1387,6,,,0
24002000,'5184',740,,1710,8,,,0,70,,1721,8,,,0,30,,1711,8,,,0,70,,1723,8,,,0,30,,1712,8,,,0,70,,1722,8,,,0,30,,1713,8,,,0,70,,1728,8,,,0,30,,1714,8,,,0,75,,1720,15,,,0,30,,1715,15,,,0,70,,1724,15,,,0,30,,1716,15,,,0,70,,1725,15,,,0,30,,1717,15,,,0,70,,1727,15,,,0,30,,1718,15,,,0,70,,1726,15,,,0,30,,1719,15,,,0,70,,1709,15,,,0,30,,1729,15,,,0
24002000,'5185',1715,,1730,15,,,0
