2000,'5184',540,,1162,22,4,,0,70,,1165,22,4,,0,30,,1163,22,4,,0,70,,1164,22,4,,0,30,,1168,22,4,,0,70,,1167,22,4,,0,30,,1166,22,4,,0,70,,1169,22,4,,0,30,,1171,22,4,,0,70,,1170,22,4,,0,30,,1172,22,4,,0,70,,1174,22,4,,0,30,,1173,22,4,,0,1200,,1200,22,4,,0,70,,1199,22,4,,0,30,,1198,22,4,,0,70,,1197,22,4,,0,25,,1194,22,4,,0,67,,1196,22,4,,0,30,,1193,22,4,,0,70,,1195,22,4,,0
2000,'5185',540,,1206,22,4,,0,70,,1209,22,4,,0,29,,1207,22,4,,0,70,,1208,22,4,,0,30,,1212,22,4,,0,70,,1211,22,4,,0,30,,1210,22,4,,0,70,,1213,22,4,,0,31,,1215,22,4,,0,69,,1214,22,4,,0,30,,1216,22,4,,0,69,,1218,22,4,,0,30,,1217,22,4,,0,1199,,1244,22,4,,0,69,,1243,22,4,,0,30,,1242,22,4,,0,70,,1241,22,4,,0,30,,1238,22,4,,0,66,,1240,22,4,,0,27,,1237,22,4,,0,30,,1239,22,4,,0
2001,'5184',547,,1252,1,,,0,70,,1250,1,,,0,29,,1253,1,,,0,70,,1251,1,,,0,30,,1256,1,,,0,70,,1255,1,,,0,31,,1254,1,,,0,70,,1257,1,,,0,30,,1258,1,,,0,70,,1259,1,,,0,30,,1260,1,,,0,70,,1261,1,,,0,33,,1262,1,,,0,70,,1265,1,,,0,30,,1264,1,,,0,70,,1263,1,,,0,30,,1266,1,,,0,70,,1268,1,,,0,30,,1269,1,,,0,69,,1267,1,,,0,30,,1270,1,,,0,70,,1271,1,,,0,30,,1272,1,,,0,70,,1273,1,,,0,30,,1274,1,,,0,70,,1275,1,,,0,30,,1277,1,,,0,70,,1276,1,,,0,30,,1278,1,,,0,70,,1279,1,,,0,30,,1280,1,,,0,70,,1292,1,,,0,30,,1291,1,,,0,70,,1290,1,,,0,29,,1289,1,,,0,70,,1288,1,,,0,30,,1287,1,,,0,70,,1286,1,,,0,30,,1285,1,,,0,70,,1283,1,,,0,30,,1282,1,,,0,70,,1284,1,,,0,30,,1295,1,,,0,65,,1281,1,,,0
2001,'5185',547,,1298,1,,,0,70,,1296,1,,,0,29,,1299,1,,,0,70,,1297,1,,,0,30,,1302,1,,,0,70,,1301,1,,,0,31,,1300,1,,,0,70,,1303,1,,,0,30,,1304,1,,,0,70,,1305,1,,,0,30,,1306,1,,,0,70,,1307,1,,,0,34,,1308,1,,,0,70,,1311,1,,,0,30,,1310,1,,,0,70,,1309,1,,,0,29,,1312,1,,,0,70,,1314,1,,,0,30,,1315,1,,,0,69,,1313,1,,,0,30,,1316,1,,,0,70,,1317,1,,,0,30,,1318,1,,,0,70,,1319,1,,,0,30,,1320,1,,,0,70,,1321,1,,,0,31,,1323,1,,,0,70,,1322,1,,,0,30,,1324,1,,,0,70,,1325,1,,,0,30,,1326,1,,,0,70,,1338,1,,,0,30,,1337,1,,,0,70,,1336,1,,,0,28,,1335,1,,,0,70,,1334,1,,,0,30,,1333,1,,,0,70,,1332,1,,,0,30,,1331,1,,,0,67,,1329,1,,,0,30,,1328,1,,,0,70,,1330,1,,,0,30,,1340,1,,,0,70,,1327,1,,,0
2100,'5183',1952,,452,20,4,,0,70,,470,20,4,,0,229,,456,20,4,,0,169,,473,20,4,,0
2100,'5184',748,,1342,20,4,,0,70,,1372,20,4,,0,32,,1344,20,4,,0,70,,1358,20,4,,0,30,,1345,20,4,,0,70,,1359,20,4,,0,30,,1343,20,4,,0,70,,1360,20,4,,0,30,,1347,20,4,,0,70,,1363,20,4,,0,33,,1346,20,4,,0,70,,1362,20,4,,0,30,,1348,20,4,,0,70,,1365,20,4,,0,31,,1349,20,4,,0,70,,1361,20,4,,0,30,,1350,20,4,,0,70,,1364,20,4,,0,30,,1351,20,4,,0,70,,1366,20,4,,0,30,,1352,20,4,,0,70,,1367,20,4,,0,29,,1353,20,4,,0,69,,1368,20,4,,0,130,,1354,20,4,,0,69,,1369,20,4,,0,30,,1357,20,4,,0,70,,1370,20,4,,0,99,,1371,20,4,,0,30,,1356,20,4,,0,100,,1355,20,4,,0
2100,'5185',748,,1373,20,4,,0,70,,1391,20,4,,0,30,,1375,20,4,,0,72,,1393,20,4,,0,30,,1376,20,4,,0,70,,1394,20,4,,0,30,,1374,20,4,,0,70,,1395,20,4,,0,30,,1378,20,4,,0,70,,1398,20,4,,0,33,,1377,20,4,,0,70,,1397,20,4,,0,30,,1379,20,4,,0,70,,1400,20,4,,0,31,,1380,20,4,,0,70,,1396,20,4,,0,30,,1381,20,4,,0,70,,1399,20,4,,0,30,,1382,20,4,,0,70,,1401,20,4,,0,30,,1383,20,4,,0,70,,1402,20,4,,0,28,,1384,20,4,,0,70,,1403,20,4,,0,30,,1385,20,4,,0,70,,1405,20,4,,0,30,,1386,20,4,,0,70,,1404,20,4,,0,30,,1390,20,4,,0,70,,1406,20,4,,0,30,,1389,20,4,,0,70,,1407,20,4,,0,29,,1388,20,4,,0,69,,1392,20,4,,0,30,,1387,20,4,,0
2101,'5183',1908,,487,1,,,0,30,,505,1,,,0,270,,492,1,,,0,130,,509,1,,,0
2101,'5184',704,,1408,1,,,0,30,,1439,1,,,0,72,,1410,1,,,0,31,,1425,1,,,0,70,,1412,1,,,0,30,,1427,1,,,0,70,,1409,1,,,0,30,,1426,1,,,0,70,,1414,1,,,0,29,,1428,1,,,0,73,,1411,1,,,0,30,,1431,1,,,0,70,,1413,1,,,0,30,,1432,1,,,0,70,,1415,1,,,0,30,,1430,1,,,0,68,,1416,1,,,0,30,,1429,1,,,0,70,,1417,1,,,0,30,,1433,1,,,0,70,,1418,1,,,0,31,,1434,1,,,0,70,,1419,1,,,0,30,,1435,1,,,0,170,,1420,1,,,0,30,,1436,1,,,0,70,,1424,1,,,0,30,,1437,1,,,0,100,,1438,1,,,0,70,,1423,1,,,0,100,,1421,1,,,0,100,,1422,1,,,0
2101,'5185',704,,1440,1,,,0,30,,1460,1,,,0,70,,1442,1,,,0,33,,1461,1,,,0,70,,1444,1,,,0,30,,1463,1,,,0,70,,1441,1,,,0,30,,1462,1,,,0,70,,1446,1,,,0,29,,1464,1,,,0,73,,1443,1,,,0,30,,1467,1,,,0,70,,1445,1,,,0,30,,1468,1,,,0,70,,1447,1,,,0,30,,1466,1,,,0,67,,1448,1,,,0,30,,1465,1,,,0,70,,1449,1,,,0,30,,1469,1,,,0,70,,1450,1,,,0,31,,1470,1,,,0,70,,1451,1,,,0,32,,1471,1,,,0,70,,1452,1,,,0,30,,1472,1,,,0,70,,1453,1,,,0,30,,1473,1,,,0,70,,1458,1,,,0,30,,1474,1,,,0,70,,1457,1,,,0,30,,1475,1,,,0,70,,1456,1,,,0,30,,1459,1,,,0,70,,1454,1,,,0,96,,1455,1,,,0
2500,'5184',655,,1477,12,4,,0,70,,1476,12,4,,0
2501,'5184',631,,1478,1,,,0
24002000,'5184',753,,1710,18,4,,0,70,,1721,18,4,,0,30,,1711,18,4,,0,70,,1723,18,4,,0,30,,1712,18,4,,0,70,,1722,18,4,,0,30,,1713,18,4,,0,70,,1728,18,4,,0,30,,1714,18,4,,0,76,,1720,25,4,,0,30,,1715,25,4,,0,70,,1724,25,4,,0,30,,1716,25,4,,0,70,,1725,25,4,,0,71,,1717,25,4,,0,30,,1727,25,4,,0,70,,1718,25,4,,0,30,,1726,25,4,,0,70,,1719,25,4,,0,30,,1709,25,4,,0,70,,1729,25,4,,0
24002000,'5185',1730,,1730,25,4,,0
24002001,'5184',802,,1732,1,,,0,30,,1746,1,,,0,70,,1733,1,,,0,30,,1742,1,,,0,70,,1734,1,,,0,30,,1743,1,,,0,70,,1735,1,,,0,30,,1750,1,,,0,72,,1736,1,,,0,30,,1744,1,,,0,70,,1737,1,,,0,30,,1749,1,,,0,70,,1738,1,,,0,30,,1747,1,,,0,70,,1739,1,,,0,30,,1745,1,,,0,70,,1740,1,,,0,30,,1748,1,,,0,70,,1741,1,,,0,30,,1731,1,,,0,70,,1751,1,,,0
24002001,'5185',1734,,1752,1,,,0
