1000,'5183',1336,,285,30,4,,0,119,,297,30,4,,0,68,,286,30,4,,0,85,,290,30,4,,0,20,,289,30,4,,0,21,,309,30,4,,0,82,,292,30,4,,0,25,,308,30,4,,0,64,,294,30,4,,0,96,,295,30,4,,0,24,,296,30,4,,0,96,,291,30,4,,0,64,,302,30,4,,0,56,,303,30,4,,0
1000,'5184',604,,1050,27,4,,0,24,,1030,27,4,,0,24,,1052,27,4,,0,64,,1033,27,4,,0,25,,1031,27,4,,0,65,,1032,27,4,,0,26,,1035,27,4,,0,25,,1055,27,4,,0,65,,1034,27,4,,0,25,,1038,27,4,,0,65,,1054,27,4,,0,25,,1036,27,4,,0,65,,1040,27,4,,0,25,,1039,27,4,,0,25,,1037,27,4,,0,65,,1041,27,4,,0,29,,1042,30,4,,0,65,,1043,30,4,,0,92,,1044,30,4,,0,25,,1045,30,4,,0,120,,1046,30,4,,0,163,,1047,30,4,,0,139,,1048,30,4,,0,157,,1049,30,4,,0,118,,1051,30,4,,0,113,,1053,30,4,,0
1000,'5185',604,,1086,27,4,,0,24,,1056,27,4,,0,24,,1094,27,4,,0,64,,1059,27,4,,0,25,,1057,27,4,,0,65,,1058,27,4,,0,26,,1061,27,4,,0,25,,1093,27,4,,0,64,,1060,27,4,,0,26,,1064,27,4,,0,65,,1090,27,4,,0,25,,1062,27,4,,0,65,,1066,27,4,,0,25,,1065,27,4,,0,25,,1063,27,4,,0,65,,1067,27,4,,0,29,,1068,30,4,,0,65,,1069,30,4,,0,25,,1070,30,4,,0,67,,1071,30,4,,0,25,,1073,30,4,,0,27,,1074,30,4,,0,68,,1072,30,4,,0,25,,1075,30,4,,0,60,,1077,30,4,,0,21,,1076,30,4,,0,21,,1092,30,4,,0,61,,1080,30,4,,0,20,,1079,30,4,,0,25,,1091,30,4,,0,64,,1081,30,4,,0,30,,1083,30,4,,0,66,,1082,30,4,,0,24,,1085,30,4,,0,67,,1084,30,4,,0,28,,1078,30,4,,0,24,,1088,30,4,,0,65,,1087,30,4,,0,30,,1089,30,4,,0,84,,1095,30,4,,0
1001,'5183',1338,,325,1,,,0,119,,329,1,,,0,68,,327,1,,,0,85,,330,1,,,0,20,,333,1,,,0,21,,349,1,,,0,82,,336,1,,,0,25,,348,1,,,0,64,,337,1,,,0,96,,334,1,,,0,24,,338,1,,,0,96,,332,1,,,0,64,,342,1,,,0,55,,343,1,,,0
1001,'5184',605,,1116,1,0,6,0,24,,1096,1,0,6,0,24,,1118,1,0,6,0,64,,1098,1,0,6,0,25,,1099,1,0,6,0,66,,1097,1,0,6,0,26,,1101,1,0,6,0,25,,1120,1,0,6,0,65,,1100,1,0,6,0,25,,1103,1,0,6,0,65,,1121,1,0,6,0,25,,1104,1,0,6,0,65,,1105,1,0,6,0,25,,1102,1,0,6,0,25,,1106,1,,,0,65,,1107,1,,,0,29,,1108,1,,,0,65,,1109,1,,,0,92,,1110,1,,,0,25,,1111,1,,,0,120,,1112,1,,,0,163,,1113,1,,,0,139,,1114,1,,,0,157,,1117,1,,,0,117,,1115,1,,,0,113,,1119,1,,,0
1001,'5185',605,,1152,1,0,6,0,24,,1122,1,0,6,0,24,,1156,1,0,6,0,64,,1124,1,0,6,0,25,,1125,1,0,6,0,66,,1123,1,0,6,0,26,,1127,1,0,6,0,25,,1160,1,0,6,0,64,,1126,1,0,6,0,26,,1129,1,0,6,0,65,,1161,1,0,6,0,25,,1130,1,0,6,0,65,,1131,1,0,6,0,25,,1128,1,0,6,0,25,,1132,1,,,0,65,,1133,1,,,0,29,,1134,1,,,0,65,,1136,1,,,0,25,,1137,1,,,0,67,,1135,1,,,0,25,,1138,1,,,0,27,,1141,1,,,0,68,,1139,1,,,0,25,,1140,1,,,0,60,,1142,1,,,0,21,,1145,1,,,0,21,,1158,1,,,0,61,,1143,1,,,0,20,,1148,1,,,0,25,,1157,1,,,0,64,,1149,1,,,0,30,,1147,1,,,0,66,,1146,1,,,0,24,,1150,1,,,0,67,,1153,1,,,0,28,,1144,1,,,0,64,,1154,1,,,0,25,,1151,1,,,0,29,,1155,1,,,0,84,,1159,1,,,0
3000,'5184',628,,1479,18,4,,0,30,,1493,18,4,,0,1360,,1495,27,4,,0,30,,1494,27,4,,0,71,,1481,27,4,,0,30,,1485,27,4,,0,70,,1480,27,4,,0,30,,1484,27,4,,0,70,,1482,27,4,,0,30,,1483,27,4,,0,69,,1486,27,4,,0,29,,1487,27,4,,0,70,,1488,27,4,,0,29,,1489,27,4,,0,76,,1490,27,4,,0,30,,1491,27,4,,0,84,,1492,27,4,,0
3000,'5185',628,,1506,18,4,,0,30,,1498,18,4,,0,1361,,1505,27,4,,0,30,,1507,27,4,,0,70,,1497,27,4,,0,30,,1508,27,4,,0,70,,1510,27,4,,0,30,,1509,27,4,,0,70,,1511,27,4,,0,30,,1504,27,4,,0,69,,1512,27,4,,0,29,,1500,27,4,,0,70,,1502,27,4,,0,30,,1501,27,4,,0,75,,1503,27,4,,0,32,,1496,27,4,,0,82,,1499,27,4,,0
3001,'5184',517,,1513,3,,,0,31,,1514,3,,,0,1470,,1527,1,,,0,30,,1528,1,,,0,71,,1515,1,,,0,30,,1519,1,,,0,70,,1516,1,,,0,30,,1518,1,,,0,70,,1517,1,,,0,30,,1520,1,,,0,69,,1521,1,,,0,29,,1522,1,,,0,70,,1523,1,,,0,29,,1524,1,,,0,76,,1525,1,,,0,30,,1526,1,,,0
3001,'5185',517,,1530,3,,,0,30,,1537,3,,,0,1472,,1539,1,,,0,30,,1538,1,,,0,70,,1542,1,,,0,30,,1540,1,,,0,70,,1544,1,,,0,30,,1543,1,,,0,70,,1541,1,,,0,30,,1533,1,,,0,69,,1532,1,,,0,29,,1535,1,,,0,70,,1529,1,,,0,30,,1531,1,,,0,75,,1534,1,,,0,32,,1536,1,,,0
3200,'5184',728,,1646,22,4,,0,30,,1647,22,4,,0,71,,1644,22,4,,0,30,,1645,22,4,,0,70,,1652,22,4,,0,30,,1653,22,4,,0,69,,1651,22,4,,0,512,,1642,22,4,,0,70,,1648,22,4,,0,30,,1649,22,4,,0,70,,1641,22,4,,0,30,,1643,22,4,,0,65,,1650,22,4,,0
3200,'5185',728,,1661,22,4,,0,30,,1662,22,4,,0,71,,1654,22,4,,0,30,,1655,22,4,,0,681,,1656,22,4,,0,70,,1658,22,4,,0,30,,1663,22,4,,0,70,,1659,22,4,,0,30,,1657,22,4,,0,65,,1660,22,4,,0
3201,'5184',628,,1670,1,,,0,30,,1664,1,,,0,70,,1671,1,,,0,30,,1672,1,,,0,71,,1669,1,,,0,30,,1668,1,,,0,70,,1676,1,,,0,30,,1677,1,,,0,69,,1675,1,,,0,512,,1665,1,,,0,70,,1674,1,,,0,30,,1673,1,,,0,70,,1667,1,,,0,30,,1666,1,,,0
3201,'5185',628,,1686,1,,,0,30,,1680,1,,,0,70,,1684,1,,,0,30,,1687,1,,,0,71,,1683,1,,,0,30,,1682,1,,,0,681,,1679,1,,,0,70,,1688,1,,,0,30,,1685,1,,,0,70,,1678,1,,,0,30,,1681,1,,,0
