1000,'5183',1325,,285,23,0,5,0,119,,297,23,0,5,0,68,,286,23,0,5,0,45,,290,23,0,5,0,60,,289,23,0,5,0,21,,309,23,0,5,0,82,,292,23,0,5,0,25,,308,23,0,5,0,64,,294,23,0,5,0,96,,295,23,0,5,0,24,,296,23,0,5,0,97,,291,23,0,5,0,24,,302,23,0,5,0,96,,303,23,0,5,0
1000,'5184',553,,1050,20,,,0,64,,1030,20,,,0,24,,1052,20,,,0,64,,1033,20,,,0,25,,1031,20,,,0,25,,1032,20,,,0,66,,1035,20,,,0,25,,1055,20,,,0,65,,1034,20,,,0,25,,1038,20,,,0,65,,1054,20,,,0,25,,1036,20,,,0,25,,1040,20,,,0,65,,1039,20,,,0,25,,1037,20,,,0,65,,1041,20,,,0,29,,1042,23,0,5,0,65,,1043,23,0,5,0,52,,1044,23,0,5,0,65,,1045,23,0,5,0,120,,1046,23,0,5,0,163,,1047,23,0,5,0,139,,1048,23,0,5,0,117,,1049,23,0,5,0,159,,1051,23,0,5,0,113,,1053,23,0,5,0
1000,'5185',553,,1086,20,,,0,64,,1056,20,,,0,24,,1094,20,,,0,64,,1059,20,,,0,25,,1057,20,,,0,25,,1058,20,,,0,66,,1061,20,,,0,25,,1093,20,,,0,64,,1060,20,,,0,26,,1064,20,,,0,65,,1090,20,,,0,25,,1062,20,,,0,25,,1066,20,,,0,65,,1065,20,,,0,25,,1063,20,,,0,65,,1067,20,,,0,29,,1068,23,0,5,0,65,,1069,23,0,5,0,25,,1070,23,0,5,0,27,,1071,23,0,5,0,65,,1073,23,0,5,0,27,,1074,23,0,5,0,68,,1072,23,0,5,0,25,,1075,23,0,5,0,20,,1077,23,0,5,0,61,,1076,23,0,5,0,21,,1092,23,0,5,0,61,,1080,23,0,5,0,20,,1079,23,0,5,0,25,,1091,23,0,5,0,64,,1081,23,0,5,0,30,,1083,23,0,5,0,66,,1082,23,0,5,0,24,,1085,23,0,5,0,27,,1084,23,0,5,0,69,,1078,23,0,5,0,24,,1088,23,0,5,0,65,,1087,23,0,5,0,30,,1089,23,0,5,0,84,,1095,23,0,5,0
3000,'5184',616,,1479,10,0,5,0,30,,1493,10,0,5,0,1354,,1495,11,,,0,30,,1494,11,,,0,71,,1481,11,,,0,30,,1485,11,,,0,70,,1480,11,,,0,30,,1484,11,,,0,70,,1482,11,,,0,30,,1483,11,,,0,70,,1486,11,,,0,29,,1487,11,,,0,70,,1488,11,,,0,29,,1489,11,,,0,76,,1490,11,,,0,30,,1491,11,,,0,84,,1492,11,,,0
3000,'5185',616,,1506,10,0,5,0,30,,1498,10,0,5,0,1355,,1505,11,,,0,30,,1507,11,,,0,70,,1497,11,,,0,30,,1508,11,,,0,70,,1510,11,,,0,30,,1509,11,,,0,70,,1511,11,,,0,30,,1504,11,,,0,70,,1512,11,,,0,29,,1500,11,,,0,70,,1502,11,,,0,30,,1501,11,,,0,75,,1503,11,,,0,32,,1496,11,,,0,82,,1499,11,,,0
3100,'5183',844,,574,11,,,0,107,,550,11,,,0,82,,549,11,,,0,81,,548,11,,,0,417,,570,11,,,0,307,,557,11,,,0
3100,'5184',724,,1556,11,,,0,15,,1561,11,,,0,15,,1558,11,,,0,58,,1562,11,,,0,15,,1560,11,,,0,76,,1559,11,,,0,23,,1567,11,,,0,87,,1568,11,,,0,142,,1546,11,,,0,81,,1545,11,,,0,81,,1549,11,,,0,41,,1547,11,,,0,81,,1548,11,,,0,77,,1550,11,,,0,30,,1555,11,,,0,55,,1564,11,,,0,15,,1551,11,,,0,15,,1565,11,,,0,16,,1553,11,,,0,55,,1566,11,,,0,15,,1557,11,,,0,19,,1563,11,,,0,65,,1554,11,,,0,118,,1552,11,,,0
3100,'5185',724,,1577,11,,,0,34,,1586,11,,,0,71,,1582,11,,,0,78,,1584,11,,,0,41,,1580,11,,,0,85,,1569,11,,,0,81,,1570,11,,,0,41,,1571,11,,,0,81,,1576,11,,,0,81,,1581,11,,,0,41,,1579,11,,,0,81,,1572,11,,,0,77,,1573,11,,,0,30,,1588,11,,,0,70,,1585,11,,,0,31,,1583,11,,,0,70,,1587,11,,,0,86,,1575,11,,,0,35,,1578,11,,,0,81,,1574,11,,,0
3200,'5184',716,,1646,14,,,0,30,,1647,14,,,0,71,,1644,14,,,0,30,,1645,14,,,0,70,,1652,14,,,0,30,,1653,14,,,0,69,,1651,14,,,0,512,,1642,14,,,0,30,,1648,14,,,0,70,,1649,14,,,0,30,,1641,14,,,0,70,,1643,14,,,0,25,,1650,14,,,0
3200,'5185',716,,1661,14,,,0,30,,1662,14,,,0,71,,1654,14,,,0,30,,1655,14,,,0,681,,1656,14,,,0,30,,1658,14,,,0,70,,1663,14,,,0,30,,1659,14,,,0,70,,1657,14,,,0,25,,1660,14,,,0
3300,'5184',1053,,1691,14,,,0,83,,1690,14,,,0,80,,1692,14,,,0,40,,1689,14,,,0,84,,1695,14,,,0,79,,1696,14,,,0,39,,1698,14,,,0,359,,1694,14,,,0,42,,1693,14,,,0,82,,1697,14,,,0
