2000,'5184',1213,,1205,29,4,,0,30,,1176,29,4,,0,70,,1177,29,4,,0,30,,1175,29,4,,0,70,,1178,29,4,,0,30,,1181,29,4,,0,71,,1180,29,4,,0,30,,1179,29,4,,0,70,,1182,29,4,,0,30,,1183,29,4,,0,70,,1184,29,4,,0,30,,1185,29,4,,0,70,,1186,29,4,,0,30,,1187,29,4,,0,68,,1189,29,4,,0,30,,1188,29,4,,0,70,,1192,29,4,,0,30,,1190,29,4,,0,70,,1191,29,4,,0,30,,1204,29,4,,0,70,,1203,29,4,,0,30,,1202,29,4,,0,70,,1201,29,4,,0
2000,'5185',1213,,1249,29,4,,0,30,,1220,29,4,,0,70,,1221,29,4,,0,30,,1219,29,4,,0,70,,1222,29,4,,0,30,,1225,29,4,,0,72,,1224,29,4,,0,30,,1223,29,4,,0,70,,1226,29,4,,0,30,,1227,29,4,,0,70,,1228,29,4,,0,30,,1229,29,4,,0,70,,1230,29,4,,0,29,,1231,29,4,,0,67,,1233,29,4,,0,30,,1232,29,4,,0,70,,1236,29,4,,0,30,,1234,29,4,,0,70,,1235,29,4,,0,30,,1248,29,4,,0,70,,1247,29,4,,0,30,,1246,29,4,,0,70,,1245,29,4,,0
3000,'5184',607,,1479,1,0,5,0,30,,1493,1,0,5,0,1313,,1495,1,,,0,70,,1494,1,,,0,31,,1481,1,,,0,70,,1485,1,,,0,30,,1480,1,,,0,70,,1484,1,,,0,30,,1482,1,,,0,70,,1483,1,,,0,30,,1486,1,,,0,70,,1487,1,,,0,30,,1488,1,,,0,69,,1489,1,,,0,36,,1490,1,,,0,70,,1491,1,,,0,84,,1492,1,,,0
3000,'5185',607,,1506,1,0,5,0,30,,1498,1,0,5,0,1314,,1505,1,,,0,70,,1507,1,,,0,30,,1497,1,,,0,70,,1508,1,,,0,30,,1510,1,,,0,70,,1509,1,,,0,30,,1511,1,,,0,70,,1504,1,,,0,30,,1512,1,,,0,70,,1500,1,,,0,30,,1502,1,,,0,70,,1501,1,,,0,35,,1503,1,,,0,72,,1496,1,,,0,82,,1499,1,,,0
3001,'5184',540,,1513,22,4,,0,71,,1514,22,4,,0,1433,,1527,20,4,,0,70,,1528,20,4,,0,21,,1515,11,4,,0,70,,1519,11,4,,0,30,,1516,11,4,,0,70,,1518,11,4,,0,30,,1517,11,4,,0,70,,1520,11,4,,0,29,,1521,11,4,,0,69,,1522,11,4,,0,30,,1523,11,4,,0,69,,1524,11,4,,0,36,,1525,11,4,,0,70,,1526,11,4,,0
3001,'5185',540,,1530,22,4,,0,70,,1537,22,4,,0,1435,,1539,20,4,,0,70,,1538,20,4,,0,20,,1542,11,4,,0,70,,1540,11,4,,0,30,,1544,11,4,,0,70,,1543,11,4,,0,30,,1541,11,4,,0,70,,1533,11,4,,0,29,,1532,11,4,,0,69,,1535,11,4,,0,30,,1529,11,4,,0,70,,1531,11,4,,0,35,,1534,11,4,,0,72,,1536,11,4,,0
3100,'5183',834,,574,1,,,0,107,,550,1,,,0,82,,549,1,,,0,81,,548,1,,,0,416,,570,1,,,0,308,,557,1,,,0
3100,'5184',715,,1556,1,,,0,15,,1561,1,,,0,15,,1558,1,,,0,57,,1562,1,,,0,15,,1560,1,,,0,36,,1559,1,,,0,63,,1567,1,,,0,87,,1568,1,,,0,142,,1546,1,,,0,81,,1545,1,,,0,81,,1549,1,,,0,41,,1547,1,,,0,81,,1548,1,,,0,76,,1550,1,,,0,30,,1555,1,,,0,15,,1564,1,,,0,55,,1551,1,,,0,15,,1565,1,,,0,16,,1553,1,,,0,15,,1566,1,,,0,55,,1557,1,,,0,19,,1563,1,,,0,26,,1554,1,,,0,158,,1552,1,,,0
3100,'5185',715,,1577,1,,,0,34,,1586,1,,,0,70,,1582,1,,,0,38,,1584,1,,,0,81,,1580,1,,,0,85,,1569,1,,,0,81,,1570,1,,,0,41,,1571,1,,,0,81,,1576,1,,,0,81,,1581,1,,,0,41,,1579,1,,,0,81,,1572,1,,,0,76,,1573,1,,,0,30,,1588,1,,,0,70,,1585,1,,,0,31,,1583,1,,,0,70,,1587,1,,,0,47,,1575,1,,,0,75,,1578,1,,,0,81,,1574,1,,,0
3101,'5183',907,,610,18,4,,0,106,,579,18,4,,0,42,,580,18,4,,0,81,,578,18,4,,0,418,,605,18,4,,0,346,,587,18,4,,0
3101,'5184',644,,1602,18,4,,0,59,,1611,18,4,,0,15,,1603,18,4,,0,15,,1608,18,4,,0,15,,1604,18,4,,0,55,,1609,18,4,,0,15,,1605,18,4,,0,17,,1610,18,4,,0,15,,1606,18,4,,0,75,,1607,18,4,,0,23,,1616,18,4,,0,87,,1617,18,4,,0,182,,1590,18,4,,0,41,,1589,18,4,,0,81,,1593,18,4,,0,81,,1591,18,4,,0,82,,1592,18,4,,0,37,,1594,18,4,,0,70,,1600,18,4,,0,15,,1613,18,4,,0,15,,1595,18,4,,0,15,,1614,18,4,,0,56,,1596,18,4,,0,15,,1615,18,4,,0,15,,1601,18,4,,0,19,,1612,18,4,,0,64,,1599,18,4,,0,118,,1597,18,4,,0,73,,1598,18,4,,0
3101,'5185',644,,1638,18,4,,0,74,,1635,18,4,,0,30,,1631,18,4,,0,74,,1625,18,4,,0,30,,1629,18,4,,0,77,,1628,18,4,,0,81,,1634,18,4,,0,45,,1618,18,4,,0,81,,1619,18,4,,0,81,,1633,18,4,,0,41,,1621,18,4,,0,81,,1622,18,4,,0,81,,1620,18,4,,0,82,,1632,18,4,,0,37,,1636,18,4,,0,70,,1637,18,4,,0,30,,1623,18,4,,0,71,,1630,18,4,,0,30,,1640,18,4,,0,85,,1626,18,4,,0,75,,1624,18,4,,0,41,,1639,18,4,,0,73,,1627,18,4,,0
3200,'5184',705,,1646,1,,,0,30,,1647,1,,,0,70,,1644,1,,,0,30,,1645,1,,,0,70,,1652,1,,,0,30,,1653,1,,,0,69,,1651,1,,,0,511,,1642,1,,,0,30,,1648,1,,,0,70,,1649,1,,,0,30,,1641,1,,,0,70,,1643,1,,,0,25,,1650,1,,,0
3200,'5185',705,,1661,1,,,0,30,,1662,1,,,0,70,,1654,1,,,0,30,,1655,1,,,0,680,,1656,1,,,0,30,,1658,1,,,0,70,,1663,1,,,0,30,,1659,1,,,0,70,,1657,1,,,0,25,,1660,1,,,0
3201,'5184',645,,1670,14,4,,0,70,,1664,14,4,,0,30,,1671,14,4,,0,70,,1672,14,4,,0,31,,1669,14,4,,0,70,,1668,14,4,,0,30,,1676,14,4,,0,70,,1677,14,4,,0,29,,1675,14,4,,0,512,,1665,14,4,,0,70,,1674,14,4,,0,30,,1673,14,4,,0,70,,1667,14,4,,0,30,,1666,14,4,,0
3201,'5185',645,,1686,14,4,,0,70,,1680,14,4,,0,30,,1684,14,4,,0,70,,1687,14,4,,0,31,,1683,14,4,,0,70,,1682,14,4,,0,641,,1679,14,4,,0,70,,1688,14,4,,0,30,,1685,14,4,,0,70,,1678,14,4,,0,30,,1681,14,4,,0
3300,'5184',1041,,1691,1,,,0,83,,1690,1,,,0,80,,1692,1,,,0,40,,1689,1,,,0,83,,1695,1,,,0,79,,1696,1,,,0,39,,1698,1,,,0,359,,1694,1,,,0,42,,1693,1,,,0,82,,1697,1,,,0
3301,'5184',1115,,1700,21,4,,0,43,,1701,21,4,,0,80,,1702,21,4,,0,80,,1699,21,4,,0,84,,1704,21,4,,0,39,,1705,21,4,,0,79,,1708,21,4,,0,320,,1706,21,4,,0,82,,1703,21,4,,0,81,,1707,21,4,,0
