3000,'5184',2003,,1495,13,,,0,30,,1494,13,,,0,71,,1481,13,,,0,30,,1485,13,,,0,70,,1480,13,,,0,30,,1484,13,,,0,70,,1482,13,,,0,30,,1483,13,,,0,70,,1486,13,,,0,29,,1487,13,,,0,70,,1488,13,,,0,29,,1489,13,,,0,76,,1490,13,,,0,30,,1491,13,,,0,84,,1492,13,,,0
3000,'5185',2004,,1505,13,,,0,30,,1507,13,,,0,70,,1497,13,,,0,30,,1508,13,,,0,70,,1510,13,,,0,30,,1509,13,,,0,70,,1511,13,,,0,30,,1504,13,,,0,70,,1512,13,,,0,29,,1500,13,,,0,70,,1502,13,,,0,30,,1501,13,,,0,75,,1503,13,,,0,32,,1496,13,,,0,82,,1499,13,,,0
3001,'5184',523,,1513,5,,,0,31,,1514,5,,,0,1470,,1527,3,,,0,30,,1528,3,,,0
3001,'5185',523,,1530,5,,,0,30,,1537,5,,,0,1472,,1539,3,,,0,30,,1538,3,,,0
3100,'5183',848,,574,13,4,,0,106,,550,13,4,,0,82,,549,13,4,,0,81,,548,13,4,,0,418,,570,13,4,,0,307,,557,13,4,,0
3100,'5184',728,,1556,13,4,,0,15,,1561,13,4,,0,15,,1558,13,4,,0,58,,1562,13,4,,0,15,,1560,13,4,,0,75,,1559,13,4,,0,23,,1567,13,4,,0,87,,1568,13,4,,0,142,,1546,13,4,,0,81,,1545,13,4,,0,81,,1549,13,4,,0,81,,1547,13,4,,0,42,,1548,13,4,,0,77,,1550,13,4,,0,30,,1555,13,4,,0,55,,1564,13,4,,0,15,,1551,13,4,,0,15,,1565,13,4,,0,16,,1553,13,4,,0,55,,1566,13,4,,0,15,,1557,13,4,,0,19,,1563,13,4,,0,65,,1554,13,4,,0,118,,1552,13,4,,0
3100,'5185',728,,1577,13,4,,0,74,,1586,13,4,,0,31,,1582,13,4,,0,77,,1584,13,4,,0,41,,1580,13,4,,0,85,,1569,13,4,,0,81,,1570,13,4,,0,41,,1571,13,4,,0,81,,1576,13,4,,0,81,,1581,13,4,,0,81,,1579,13,4,,0,42,,1572,13,4,,0,77,,1573,13,4,,0,30,,1588,13,4,,0,70,,1585,13,4,,0,31,,1583,13,4,,0,70,,1587,13,4,,0,86,,1575,13,4,,0,35,,1578,13,4,,0,81,,1574,13,4,,0
3101,'5183',848,,610,1,,,0,106,,579,1,,,0,82,,580,1,,,0,81,,578,1,,,0,418,,605,1,,,0,307,,587,1,,,0
3101,'5184',624,,1602,1,,,0,19,,1611,1,,,0,15,,1603,1,,,0,55,,1608,1,,,0,15,,1604,1,,,0,15,,1609,1,,,0,15,,1605,1,,,0,58,,1610,1,,,0,15,,1606,1,,,0,75,,1607,1,,,0,23,,1616,1,,,0,87,,1617,1,,,0,142,,1590,1,,,0,81,,1589,1,,,0,81,,1593,1,,,0,81,,1591,1,,,0,42,,1592,1,,,0,77,,1594,1,,,0,30,,1600,1,,,0,55,,1613,1,,,0,15,,1595,1,,,0,15,,1614,1,,,0,16,,1596,1,,,0,55,,1615,1,,,0,15,,1601,1,,,0,19,,1612,1,,,0,65,,1599,1,,,0,118,,1597,1,,,0,33,,1598,1,,,0
3101,'5185',624,,1638,1,,,0,34,,1635,1,,,0,70,,1631,1,,,0,74,,1625,1,,,0,31,,1629,1,,,0,77,,1628,1,,,0,41,,1634,1,,,0,85,,1618,1,,,0,81,,1619,1,,,0,41,,1633,1,,,0,81,,1621,1,,,0,81,,1622,1,,,0,81,,1620,1,,,0,42,,1632,1,,,0,77,,1636,1,,,0,30,,1637,1,,,0,70,,1623,1,,,0,31,,1630,1,,,0,70,,1640,1,,,0,86,,1626,1,,,0,35,,1624,1,,,0,81,,1639,1,,,0,33,,1627,1,,,0
3300,'5184',1056,,1691,16,4,,0,83,,1690,16,4,,0,80,,1692,16,4,,0,40,,1689,16,4,,0,84,,1695,16,4,,0,79,,1696,16,4,,0,79,,1698,16,4,,0,320,,1694,16,4,,0,82,,1693,16,4,,0,41,,1697,16,4,,0
3301,'5184',1056,,1700,1,,,0,83,,1701,1,,,0,80,,1702,1,,,0,40,,1699,1,,,0,84,,1704,1,,,0,79,,1705,1,,,0,79,,1708,1,,,0,320,,1706,1,,,0,82,,1703,1,,,0,41,,1707,1,,,0
