1000,'5183',1316,,285,15,0,5,0,118,,297,15,0,5,0,68,,286,15,0,5,0,45,,290,15,0,5,0,60,,289,15,0,5,0,20,,309,15,0,5,0,82,,292,15,0,5,0,25,,308,15,0,5,0,25,,294,15,0,5,0,96,,295,15,0,5,0,64,,296,15,0,5,0,98,,291,15,0,5,0,24,,302,15,0,5,0,96,,303,15,0,5,0
1000,'5184',544,,1050,12,,,0,64,,1030,12,,,0,24,,1052,12,,,0,24,,1033,12,,,0,65,,1031,12,,,0,25,,1032,12,,,0,66,,1035,12,,,0,25,,1055,12,,,0,65,,1034,12,,,0,25,,1038,12,,,0,25,,1054,12,,,0,65,,1036,12,,,0,25,,1040,12,,,0,65,,1039,12,,,0,25,,1037,12,,,0,25,,1041,12,,,0,69,,1042,15,0,5,0,25,,1043,15,0,5,0,92,,1044,15,0,5,0,65,,1045,15,0,5,0,119,,1046,15,0,5,0,122,,1047,15,0,5,0,180,,1048,15,0,5,0,118,,1049,15,0,5,0,159,,1051,15,0,5,0,113,,1053,15,0,5,0
1000,'5185',544,,1086,12,,,0,64,,1056,12,,,0,24,,1094,12,,,0,24,,1059,12,,,0,65,,1057,12,,,0,25,,1058,12,,,0,66,,1061,12,,,0,25,,1093,12,,,0,64,,1060,12,,,0,26,,1064,12,,,0,25,,1090,12,,,0,65,,1062,12,,,0,25,,1066,12,,,0,65,,1065,12,,,0,25,,1063,12,,,0,25,,1067,12,,,0,69,,1068,15,0,5,0,25,,1069,15,0,5,0,65,,1070,15,0,5,0,27,,1071,15,0,5,0,65,,1073,15,0,5,0,26,,1074,15,0,5,0,68,,1072,15,0,5,0,25,,1075,15,0,5,0,20,,1077,15,0,5,0,61,,1076,15,0,5,0,20,,1092,15,0,5,0,21,,1080,15,0,5,0,60,,1079,15,0,5,0,25,,1091,15,0,5,0,25,,1081,15,0,5,0,70,,1083,15,0,5,0,26,,1082,15,0,5,0,64,,1085,15,0,5,0,28,,1084,15,0,5,0,69,,1078,15,0,5,0,24,,1088,15,0,5,0,65,,1087,15,0,5,0,30,,1089,15,0,5,0,84,,1095,15,0,5,0
2000,'5184',535,,1162,18,,,0,70,,1165,18,,,0,29,,1163,18,,,0,70,,1164,18,,,0,30,,1168,18,,,0,70,,1167,18,,,0,30,,1166,18,,,0,70,,1169,18,,,0,30,,1171,18,,,0,70,,1170,18,,,0,30,,1172,18,,,0,70,,1174,18,,,0,30,,1173,18,,,0,74,,1205,25,,,0,30,,1176,25,,,0,70,,1177,25,,,0,30,,1175,25,,,0,70,,1178,25,,,0,30,,1181,25,,,0,71,,1180,25,,,0,30,,1179,25,,,0,70,,1182,25,,,0,30,,1183,25,,,0,70,,1184,25,,,0,30,,1185,25,,,0,70,,1186,25,,,0,30,,1187,25,,,0,68,,1189,25,,,0,30,,1188,25,,,0,70,,1192,25,,,0,30,,1190,25,,,0,70,,1191,25,,,0,30,,1204,25,,,0,70,,1203,25,,,0,30,,1202,25,,,0,70,,1201,25,,,0,28,,1200,18,,,0,70,,1199,18,,,0,30,,1198,18,,,0,70,,1197,18,,,0,25,,1194,18,,,0,27,,1196,18,,,0,70,,1193,18,,,0,30,,1195,18,,,0
2000,'5185',535,,1206,18,,,0,70,,1209,18,,,0,28,,1207,18,,,0,70,,1208,18,,,0,30,,1212,18,,,0,70,,1211,18,,,0,30,,1210,18,,,0,70,,1213,18,,,0,31,,1215,18,,,0,69,,1214,18,,,0,30,,1216,18,,,0,69,,1218,18,,,0,30,,1217,18,,,0,76,,1249,25,,,0,30,,1220,25,,,0,70,,1221,25,,,0,30,,1219,25,,,0,70,,1222,25,,,0,30,,1225,25,,,0,72,,1224,25,,,0,30,,1223,25,,,0,70,,1226,25,,,0,30,,1227,25,,,0,70,,1228,25,,,0,30,,1229,25,,,0,70,,1230,25,,,0,29,,1231,25,,,0,67,,1233,25,,,0,30,,1232,25,,,0,70,,1236,25,,,0,30,,1234,25,,,0,70,,1235,25,,,0,30,,1248,25,,,0,70,,1247,25,,,0,30,,1246,25,,,0,70,,1245,25,,,0,26,,1244,18,,,0,69,,1243,18,,,0,30,,1242,18,,,0,70,,1241,18,,,0,30,,1238,18,,,0,26,,1240,18,,,0,67,,1237,18,,,0,30,,1239,18,,,0
2100,'5183',1947,,452,16,,,0,70,,470,16,,,0,229,,456,16,,,0,169,,473,16,,,0
2100,'5184',742,,1342,16,,,0,70,,1372,16,,,0,32,,1344,16,,,0,70,,1358,16,,,0,30,,1345,16,,,0,70,,1359,16,,,0,30,,1343,16,,,0,70,,1360,16,,,0,30,,1347,16,,,0,70,,1363,16,,,0,34,,1346,16,,,0,70,,1362,16,,,0,30,,1348,16,,,0,70,,1365,16,,,0,31,,1349,16,,,0,70,,1361,16,,,0,30,,1350,16,,,0,70,,1364,16,,,0,30,,1351,16,,,0,70,,1366,16,,,0,30,,1352,16,,,0,70,,1367,16,,,0,29,,1353,16,,,0,69,,1368,16,,,0,130,,1354,16,,,0,69,,1369,16,,,0,30,,1357,16,,,0,70,,1370,16,,,0,99,,1371,16,,,0,30,,1356,16,,,0,100,,1355,16,,,0
2100,'5185',742,,1373,16,,,0,70,,1391,16,,,0,30,,1375,16,,,0,72,,1393,16,,,0,30,,1376,16,,,0,70,,1394,16,,,0,30,,1374,16,,,0,70,,1395,16,,,0,30,,1378,16,,,0,70,,1398,16,,,0,34,,1377,16,,,0,70,,1397,16,,,0,30,,1379,16,,,0,70,,1400,16,,,0,31,,1380,16,,,0,70,,1396,16,,,0,30,,1381,16,,,0,70,,1399,16,,,0,30,,1382,16,,,0,70,,1401,16,,,0,30,,1383,16,,,0,70,,1402,16,,,0,28,,1384,16,,,0,70,,1403,16,,,0,30,,1385,16,,,0,70,,1405,16,,,0,30,,1386,16,,,0,70,,1404,16,,,0,30,,1390,16,,,0,70,,1406,16,,,0,30,,1389,16,,,0,70,,1407,16,,,0,29,,1388,16,,,0,69,,1392,16,,,0,30,,1387,16,,,0
2500,'5184',649,,1477,8,,,0,70,,1476,8,,,0
24002000,'5184',748,,1710,14,,,0,70,,1721,14,,,0,30,,1711,14,,,0,70,,1723,14,,,0,30,,1712,14,,,0,70,,1722,14,,,0,30,,1713,14,,,0,70,,1728,14,,,0,30,,1714,14,,,0,76,,1720,21,,,0,30,,1715,21,,,0,70,,1724,21,,,0,30,,1716,21,,,0,70,,1725,21,,,0,31,,1717,21,,,0,70,,1727,21,,,0,30,,1718,21,,,0,70,,1726,21,,,0,30,,1719,21,,,0,70,,1709,21,,,0,30,,1729,21,,,0
24002000,'5185',1725,,1730,21,,,0
