1001,'5183',1355,,325,11,,,0,159,,329,11,,,0,28,,327,11,,,0,85,,330,11,,,0,20,,333,11,,,0,61,,349,11,,,0,42,,336,11,,,0,65,,348,11,,,0,24,,337,11,,,0,96,,334,11,,,0,23,,338,11,,,0,96,,332,11,,,0,64,,342,11,,,0,95,,343,11,,,0
1001,'5184',620,,1116,11,0,6,0,24,,1096,11,0,6,0,64,,1118,11,0,6,0,25,,1098,11,0,6,0,25,,1099,11,0,6,0,66,,1097,11,0,6,0,26,,1101,11,0,6,0,65,,1120,11,0,6,0,25,,1100,11,0,6,0,65,,1103,11,0,6,0,25,,1121,11,0,6,0,26,,1104,11,0,6,0,65,,1105,11,0,6,0,25,,1102,11,0,6,0,65,,1106,11,,,0,25,,1107,11,,,0,69,,1108,11,,,0,25,,1109,11,,,0,92,,1110,11,,,0,25,,1111,11,,,0,160,,1112,11,,,0,123,,1113,11,,,0,179,,1114,11,,,0,116,,1117,11,,,0,117,,1115,11,,,0,113,,1119,11,,,0
1001,'5185',620,,1152,11,0,6,0,24,,1122,11,0,6,0,64,,1156,11,0,6,0,25,,1124,11,0,6,0,25,,1125,11,0,6,0,66,,1123,11,0,6,0,26,,1127,11,0,6,0,65,,1160,11,0,6,0,24,,1126,11,0,6,0,66,,1129,11,0,6,0,25,,1161,11,0,6,0,26,,1130,11,0,6,0,65,,1131,11,0,6,0,25,,1128,11,0,6,0,65,,1132,11,,,0,25,,1133,11,,,0,69,,1134,11,,,0,25,,1136,11,,,0,25,,1137,11,,,0,67,,1135,11,,,0,25,,1138,11,,,0,67,,1141,11,,,0,28,,1139,11,,,0,65,,1140,11,,,0,20,,1142,11,,,0,21,,1145,11,,,0,61,,1158,11,,,0,21,,1143,11,,,0,20,,1148,11,,,0,65,,1157,11,,,0,24,,1149,11,,,0,70,,1147,11,,,0,26,,1146,11,,,0,23,,1150,11,,,0,67,,1153,11,,,0,28,,1144,11,,,0,64,,1154,11,,,0,25,,1151,11,,,0,69,,1155,11,,,0,44,,1159,11,,,0
2001,'5184',552,,1252,5,,,0,70,,1250,5,,,0,29,,1253,5,,,0,70,,1251,5,,,0,30,,1256,5,,,0,70,,1255,5,,,0,31,,1254,5,,,0,70,,1257,5,,,0,30,,1258,5,,,0,70,,1259,5,,,0,30,,1260,5,,,0,70,,1261,5,,,0,33,,1262,5,,,0,70,,1265,5,,,0,30,,1264,5,,,0,70,,1263,5,,,0,30,,1266,5,,,0,70,,1268,5,,,0,30,,1269,5,,,0,69,,1267,5,,,0,30,,1270,5,,,0,70,,1271,5,,,0,30,,1272,5,,,0,70,,1273,5,,,0,30,,1274,5,,,0,70,,1275,5,,,0,30,,1277,5,,,0,70,,1276,5,,,0,30,,1278,5,,,0,70,,1279,5,,,0,30,,1280,6,,,0,70,,1292,6,,,0,30,,1291,6,,,0,70,,1290,6,,,0,29,,1289,6,,,0,70,,1288,6,,,0,30,,1287,6,,,0,70,,1286,6,,,0,30,,1285,6,,,0,69,,1283,6,,,0,30,,1282,6,,,0,70,,1284,6,,,0,30,,1295,6,,,0,65,,1281,6,,,0
2001,'5185',552,,1298,5,,,0,70,,1296,5,,,0,29,,1299,5,,,0,70,,1297,5,,,0,30,,1302,5,,,0,70,,1301,5,,,0,31,,1300,5,,,0,70,,1303,5,,,0,30,,1304,5,,,0,70,,1305,5,,,0,30,,1306,5,,,0,70,,1307,5,,,0,34,,1308,5,,,0,70,,1311,5,,,0,30,,1310,5,,,0,70,,1309,5,,,0,29,,1312,5,,,0,70,,1314,5,,,0,30,,1315,5,,,0,69,,1313,5,,,0,30,,1316,5,,,0,70,,1317,5,,,0,30,,1318,5,,,0,70,,1319,5,,,0,30,,1320,5,,,0,70,,1321,5,,,0,31,,1323,5,,,0,70,,1322,5,,,0,30,,1324,5,,,0,70,,1325,5,,,0,30,,1326,6,,,0,70,,1338,6,,,0,30,,1337,6,,,0,70,,1336,6,,,0,28,,1335,6,,,0,70,,1334,6,,,0,30,,1333,6,,,0,70,,1332,6,,,0,30,,1331,6,,,0,66,,1329,6,,,0,30,,1328,6,,,0,70,,1330,6,,,0,30,,1340,6,,,0,70,,1327,6,,,0
2101,'5183',1913,,487,5,,,0,30,,505,5,,,0,270,,492,6,,,0,130,,509,6,,,0
2101,'5184',709,,1408,5,,,0,30,,1439,5,,,0,72,,1410,5,,,0,31,,1425,5,,,0,70,,1412,5,,,0,30,,1427,5,,,0,70,,1409,5,,,0,30,,1426,5,,,0,70,,1414,5,,,0,29,,1428,5,,,0,73,,1411,5,,,0,30,,1431,5,,,0,70,,1413,5,,,0,30,,1432,5,,,0,70,,1415,5,,,0,30,,1430,5,,,0,68,,1416,5,,,0,30,,1429,5,,,0,70,,1417,5,,,0,30,,1433,5,,,0,70,,1418,5,,,0,31,,1434,5,,,0,70,,1419,5,,,0,30,,1435,5,,,0,170,,1420,5,,,0,30,,1436,6,,,0,70,,1424,6,,,0,30,,1437,6,,,0,100,,1438,6,,,0,70,,1423,6,,,0,100,,1421,6,,,0,99,,1422,6,,,0
2101,'5185',709,,1440,5,,,0,30,,1460,5,,,0,70,,1442,5,,,0,33,,1461,5,,,0,70,,1444,5,,,0,30,,1463,5,,,0,70,,1441,5,,,0,30,,1462,5,,,0,70,,1446,5,,,0,29,,1464,5,,,0,73,,1443,5,,,0,30,,1467,5,,,0,70,,1445,5,,,0,30,,1468,5,,,0,70,,1447,5,,,0,30,,1466,5,,,0,67,,1448,5,,,0,30,,1465,5,,,0,70,,1449,5,,,0,30,,1469,5,,,0,70,,1450,5,,,0,31,,1470,5,,,0,70,,1451,5,,,0,32,,1471,5,,,0,70,,1452,5,,,0,30,,1472,5,,,0,70,,1453,5,,,0,30,,1473,6,,,0,70,,1458,6,,,0,30,,1474,6,,,0,70,,1457,6,,,0,30,,1475,6,,,0,70,,1456,6,,,0,30,,1459,6,,,0,70,,1454,6,,,0,95,,1455,6,,,0
2501,'5184',636,,1478,5,,,0
24002001,'5184',806,,1732,5,,,0,30,,1746,5,,,0,70,,1733,5,,,0,30,,1742,5,,,0,70,,1734,5,,,0,30,,1743,5,,,0,70,,1735,5,,,0,30,,1750,5,,,0,72,,1736,5,,,0,30,,1744,5,,,0,70,,1737,5,,,0,30,,1749,5,,,0,70,,1738,5,,,0,31,,1747,5,,,0,70,,1739,5,,,0,30,,1745,5,,,0,70,,1740,5,,,0,30,,1748,5,,,0,70,,1741,5,,,0,30,,1731,5,,,0,70,,1751,5,,,0
24002001,'5185',1739,,1752,5,,,0
