601,'5183',810,,173,18,,,0,135,,176,18,,,0,877,,196,18,,,0,32,,198,18,,,0,199,,202,18,,,0,100,,211,18,,,0,170,,208,18,,,0,100,,207,18,,,0,100,,203,18,,,0
601,'5184',611,,877,18,,,0,30,,878,18,,,0,69,,879,18,,,0,30,,880,18,,,0,100,,874,18,,,0,75,,875,18,,,0,101,,885,18,,,0,30,,876,18,,,0,70,,881,18,,,0,30,,882,18,,,0,75,,883,18,,,0,30,,886,18,,,0,70,,884,18,,,0,30,,887,18,,,0,70,,888,18,,,0,30,,890,18,,,0,70,,889,18,,,0,33,,891,18,,,0,70,,893,18,,,0,30,,892,18,,,0,68,,894,18,,,0,30,,895,18,,,0,172,,897,18,,,0,30,,896,18,,,0,70,,898,18,,,0,99,,904,18,,,0,100,,903,18,,,0,30,,902,18,,,0,100,,901,18,,,0,100,,899,18,,,0,100,,900,18,,,0
601,'5185',611,,910,18,,,0,30,,911,18,,,0,69,,912,18,,,0,30,,913,18,,,0,72,,905,18,,,0,30,,906,18,,,0,75,,907,18,,,0,30,,908,18,,,0,71,,918,18,,,0,30,,909,18,,,0,70,,914,18,,,0,30,,915,18,,,0,73,,916,18,,,0,30,,919,18,,,0,70,,917,18,,,0,30,,920,18,,,0,70,,921,18,,,0,30,,923,18,,,0,70,,922,18,,,0,32,,924,18,,,0,70,,925,18,,,0,31,,926,18,,,0,68,,927,18,,,0,30,,929,18,,,0,70,,928,18,,,0,30,,930,18,,,0,70,,932,18,,,0,21,,931,18,,,0,79,,933,18,,,0,29,,934,18,,,0,70,,944,18,,,0,30,,943,18,,,0,70,,942,18,,,0,30,,941,18,,,0,70,,940,18,,,0,30,,938,18,,,0,70,,939,18,,,0,30,,936,18,,,0,72,,935,18,,,0,30,,937,18,,,0
2000,'5184',539,,1162,21,,,0,70,,1165,21,,,0,30,,1163,21,,,0,70,,1164,21,,,0,30,,1168,21,,,0,70,,1167,21,,,0,30,,1166,21,,,0,70,,1169,21,,,0,30,,1171,21,,,0,70,,1170,21,,,0,30,,1172,21,,,0,70,,1174,21,,,0,30,,1173,21,,,0,73,,1205,28,,,0,30,,1176,28,,,0,70,,1177,28,,,0,30,,1175,28,,,0,70,,1178,28,,,0,30,,1181,28,,,0,71,,1180,28,,,0,30,,1179,28,,,0,70,,1182,28,,,0,30,,1183,28,,,0,70,,1184,28,,,0,30,,1185,28,,,0,70,,1186,28,,,0,30,,1187,28,,,0,68,,1189,28,,,0,30,,1188,28,,,0,70,,1192,28,,,0,30,,1190,28,,,0,70,,1191,28,,,0,30,,1204,28,,,0,70,,1203,28,,,0,30,,1202,28,,,0,70,,1201,28,,,0,28,,1200,21,,,0,70,,1199,21,,,0,30,,1198,21,,,0,70,,1197,21,,,0,25,,1194,21,,,0,67,,1196,21,,,0,30,,1193,21,,,0,70,,1195,21,,,0
2000,'5185',539,,1206,21,,,0,70,,1209,21,,,0,29,,1207,21,,,0,70,,1208,21,,,0,30,,1212,21,,,0,70,,1211,21,,,0,30,,1210,21,,,0,70,,1213,21,,,0,31,,1215,21,,,0,69,,1214,21,,,0,30,,1216,21,,,0,69,,1218,21,,,0,30,,1217,21,,,0,75,,1249,28,,,0,30,,1220,28,,,0,70,,1221,28,,,0,30,,1219,28,,,0,70,,1222,28,,,0,30,,1225,28,,,0,72,,1224,28,,,0,30,,1223,28,,,0,70,,1226,28,,,0,30,,1227,28,,,0,70,,1228,28,,,0,30,,1229,28,,,0,70,,1230,28,,,0,29,,1231,28,,,0,67,,1233,28,,,0,30,,1232,28,,,0,70,,1236,28,,,0,30,,1234,28,,,0,70,,1235,28,,,0,30,,1248,28,,,0,70,,1247,28,,,0,30,,1246,28,,,0,70,,1245,28,,,0,26,,1244,21,,,0,69,,1243,21,,,0,30,,1242,21,,,0,70,,1241,21,,,0,30,,1238,21,,,0,66,,1240,21,,,0,27,,1237,21,,,0,30,,1239,21,,,0
2100,'5183',1951,,452,19,,,0,70,,470,19,,,0,229,,456,19,,,0,169,,473,19,,,0
2100,'5184',747,,1342,19,,,0,70,,1372,19,,,0,32,,1344,19,,,0,70,,1358,19,,,0,30,,1345,19,,,0,70,,1359,19,,,0,30,,1343,19,,,0,70,,1360,19,,,0,30,,1347,19,,,0,70,,1363,19,,,0,33,,1346,19,,,0,70,,1362,19,,,0,30,,1348,19,,,0,70,,1365,19,,,0,31,,1349,19,,,0,70,,1361,19,,,0,30,,1350,19,,,0,70,,1364,19,,,0,30,,1351,19,,,0,70,,1366,19,,,0,30,,1352,19,,,0,70,,1367,19,,,0,29,,1353,19,,,0,69,,1368,19,,,0,130,,1354,19,,,0,69,,1369,19,,,0,30,,1357,19,,,0,70,,1370,19,,,0,99,,1371,19,,,0,30,,1356,19,,,0,100,,1355,19,,,0
2100,'5185',747,,1373,19,,,0,70,,1391,19,,,0,30,,1375,19,,,0,72,,1393,19,,,0,30,,1376,19,,,0,70,,1394,19,,,0,30,,1374,19,,,0,70,,1395,19,,,0,30,,1378,19,,,0,70,,1398,19,,,0,33,,1377,19,,,0,70,,1397,19,,,0,30,,1379,19,,,0,70,,1400,19,,,0,31,,1380,19,,,0,70,,1396,19,,,0,30,,1381,19,,,0,70,,1399,19,,,0,30,,1382,19,,,0,70,,1401,19,,,0,30,,1383,19,,,0,70,,1402,19,,,0,28,,1384,19,,,0,70,,1403,19,,,0,30,,1385,19,,,0,70,,1405,19,,,0,30,,1386,19,,,0,70,,1404,19,,,0,30,,1390,19,,,0,70,,1406,19,,,0,30,,1389,19,,,0,70,,1407,19,,,0,29,,1388,19,,,0,69,,1392,19,,,0,30,,1387,19,,,0
2500,'5184',654,,1477,11,,,0,70,,1476,11,,,0
3001,'5184',539,,1513,21,,,0,71,,1514,21,,,0,1432,,1527,19,,,0,70,,1528,19,,,0,22,,1515,10,,,0,70,,1519,10,,,0,30,,1516,10,,,0,70,,1518,10,,,0,30,,1517,10,,,0,70,,1520,10,,,0,29,,1521,10,,,0,69,,1522,10,,,0,30,,1523,10,,,0,69,,1524,10,,,0,36,,1525,10,,,0,70,,1526,10,,,0
3001,'5185',539,,1530,21,,,0,70,,1537,21,,,0,1434,,1539,19,,,0,70,,1538,19,,,0,21,,1542,10,,,0,70,,1540,10,,,0,30,,1544,10,,,0,70,,1543,10,,,0,30,,1541,10,,,0,70,,1533,10,,,0,29,,1532,10,,,0,69,,1535,10,,,0,30,,1529,10,,,0,70,,1531,10,,,0,35,,1534,10,,,0,72,,1536,10,,,0
3101,'5183',906,,610,17,,,0,106,,579,17,,,0,42,,580,17,,,0,81,,578,17,,,0,418,,605,17,,,0,306,,587,17,,,0
3101,'5184',642,,1602,17,,,0,59,,1611,17,,,0,15,,1603,17,,,0,15,,1608,17,,,0,15,,1604,17,,,0,55,,1609,17,,,0,15,,1605,17,,,0,18,,1610,17,,,0,15,,1606,17,,,0,75,,1607,17,,,0,23,,1616,17,,,0,87,,1617,17,,,0,182,,1590,17,,,0,41,,1589,17,,,0,81,,1593,17,,,0,81,,1591,17,,,0,82,,1592,17,,,0,37,,1594,17,,,0,70,,1600,17,,,0,15,,1613,17,,,0,15,,1595,17,,,0,15,,1614,17,,,0,56,,1596,17,,,0,15,,1615,17,,,0,15,,1601,17,,,0,19,,1612,17,,,0,64,,1599,17,,,0,118,,1597,17,,,0,73,,1598,17,,,0
3101,'5185',642,,1638,17,,,0,74,,1635,17,,,0,30,,1631,17,,,0,74,,1625,17,,,0,31,,1629,17,,,0,77,,1628,17,,,0,81,,1634,17,,,0,45,,1618,17,,,0,81,,1619,17,,,0,81,,1633,17,,,0,41,,1621,17,,,0,81,,1622,17,,,0,81,,1620,17,,,0,82,,1632,17,,,0,37,,1636,17,,,0,70,,1637,17,,,0,30,,1623,17,,,0,71,,1630,17,,,0,30,,1640,17,,,0,85,,1626,17,,,0,35,,1624,17,,,0,81,,1639,17,,,0,73,,1627,17,,,0
24002000,'5184',752,,1710,17,,,0,70,,1721,17,,,0,30,,1711,17,,,0,70,,1723,17,,,0,30,,1712,17,,,0,70,,1722,17,,,0,30,,1713,17,,,0,70,,1728,17,,,0,30,,1714,17,,,0,76,,1720,24,,,0,30,,1715,24,,,0,70,,1724,24,,,0,30,,1716,24,,,0,70,,1725,24,,,0,31,,1717,24,,,0,70,,1727,24,,,0,30,,1718,24,,,0,70,,1726,24,,,0,30,,1719,24,,,0,70,,1709,24,,,0,30,,1729,24,,,0
24002000,'5185',1729,,1730,24,,,0
