401,'5183',933,,9,3,,,0,93,,66,3,,,0,110,,12,3,,,0,15,,69,3,,,0,298,,76,3,,,0,155,,35,3,,,0,15,,36,3,,,0,10,,47,3,,,0,10,,37,3,,,0,66,,39,3,,,0,15,,40,3,,,0,30,,42,3,,,0
401,'5184',631,,718,3,,,0,15,,714,3,,,0,55,,717,3,,,0,15,,715,3,,,0,10,,702,3,,,0,10,,723,3,,,0,10,,703,3,,,0,9,,724,3,,,0,48,,704,3,,,0,7,,725,3,,,0,8,,705,3,,,0,7,,726,3,,,0,8,,701,3,,,0,8,,728,3,,,0,8,,706,3,,,0,7,,722,3,,,0,48,,707,3,,,0,7,,729,3,,,0,8,,755,3,,,0,7,,727,3,,,0,15,,731,3,,,0,8,,756,3,,,0,7,,730,3,,,0,50,,709,3,,,0,10,,766,3,,,0,20,,710,3,,,0,15,,758,3,,,0,55,,711,3,,,0,15,,757,3,,,0,85,,712,3,,,0,15,,760,3,,,0,15,,713,3,,,0,15,,761,3,,,0,55,,762,3,,,0,15,,759,3,,,0,15,,716,3,,,0,15,,763,3,,,0,55,,719,3,,,0,13,,764,3,,,0,10,,720,3,,,0,10,,739,3,,,0,18,,737,3,,,0,47,,721,3,,,0,8,,741,3,,,0,7,,765,3,,,0,8,,738,3,,,0,7,,732,3,,,0,8,,740,3,,,0,7,,708,3,,,0,8,,736,3,,,0,55,,742,3,,,0,38,,733,3,,,0,85,,734,3,,,0,70,,735,3,,,0,16,,753,3,,,0,16,,743,3,,,0,16,,754,3,,,0,56,,747,3,,,0,15,,751,3,,,0,15,,750,3,,,0,15,,745,3,,,0,55,,744,3,,,0,15,,746,3,,,0,15,,752,3,,,0,15,,748,3,,,0,55,,749,3,,,0
601,'5183',757,,173,3,,,0,175,,176,3,,,0,876,,196,3,,,0,32,,198,3,,,0,200,,202,3,,,0,100,,211,3,,,0,170,,208,3,,,0,100,,207,3,,,0,100,,203,3,,,0
601,'5184',558,,877,3,,,0,70,,878,3,,,0,29,,879,3,,,0,70,,880,3,,,0,100,,874,3,,,0,75,,875,3,,,0,100,,885,3,,,0,30,,876,3,,,0,70,,881,3,,,0,30,,882,3,,,0,75,,883,3,,,0,30,,886,3,,,0,70,,884,3,,,0,30,,887,3,,,0,70,,888,3,,,0,30,,890,3,,,0,70,,889,3,,,0,31,,891,3,,,0,70,,893,3,,,0,30,,892,3,,,0,70,,894,3,,,0,30,,895,3,,,0,172,,897,3,,,0,30,,896,3,,,0,70,,898,3,,,0,100,,904,3,,,0,100,,903,3,,,0,30,,902,3,,,0,100,,901,3,,,0,100,,899,3,,,0,100,,900,3,,,0
601,'5185',558,,910,3,,,0,70,,911,3,,,0,29,,912,3,,,0,70,,913,3,,,0,32,,905,3,,,0,70,,906,3,,,0,75,,907,3,,,0,30,,908,3,,,0,70,,918,3,,,0,30,,909,3,,,0,70,,914,3,,,0,30,,915,3,,,0,73,,916,3,,,0,30,,919,3,,,0,70,,917,3,,,0,30,,920,3,,,0,70,,921,3,,,0,30,,923,3,,,0,70,,922,3,,,0,30,,924,3,,,0,70,,925,3,,,0,31,,926,3,,,0,70,,927,3,,,0,30,,929,3,,,0,70,,928,3,,,0,30,,930,3,,,0,70,,932,3,,,0,21,,931,3,,,0,79,,933,3,,,0,30,,934,3,,,0,70,,944,3,,,0,30,,943,3,,,0,70,,942,3,,,0,30,,941,3,,,0,70,,940,3,,,0,30,,938,3,,,0,70,,939,3,,,0,30,,936,3,,,0,72,,935,3,,,0,30,,937,3,,,0
1000,'5183',1320,,285,19,0,5,0,118,,297,19,0,5,0,68,,286,19,0,5,0,45,,290,19,0,5,0,60,,289,19,0,5,0,20,,309,19,0,5,0,82,,292,19,0,5,0,25,,308,19,0,5,0,65,,294,19,0,5,0,56,,295,19,0,5,0,64,,296,19,0,5,0,98,,291,19,0,5,0,24,,302,19,0,5,0,96,,303,19,0,5,0
1000,'5184',548,,1050,16,,,0,64,,1030,16,,,0,24,,1052,16,,,0,64,,1033,16,,,0,25,,1031,16,,,0,25,,1032,16,,,0,66,,1035,16,,,0,25,,1055,16,,,0,65,,1034,16,,,0,25,,1038,16,,,0,25,,1054,16,,,0,65,,1036,16,,,0,25,,1040,16,,,0,65,,1039,16,,,0,25,,1037,16,,,0,65,,1041,16,,,0,29,,1042,19,0,5,0,25,,1043,19,0,5,0,92,,1044,19,0,5,0,65,,1045,19,0,5,0,119,,1046,19,0,5,0,122,,1047,19,0,5,0,180,,1048,19,0,5,0,118,,1049,19,0,5,0,159,,1051,19,0,5,0,113,,1053,19,0,5,0
1000,'5185',548,,1086,16,,,0,64,,1056,16,,,0,24,,1094,16,,,0,64,,1059,16,,,0,25,,1057,16,,,0,25,,1058,16,,,0,66,,1061,16,,,0,25,,1093,16,,,0,64,,1060,16,,,0,26,,1064,16,,,0,25,,1090,16,,,0,65,,1062,16,,,0,25,,1066,16,,,0,65,,1065,16,,,0,25,,1063,16,,,0,65,,1067,16,,,0,29,,1068,19,0,5,0,25,,1069,19,0,5,0,65,,1070,19,0,5,0,27,,1071,19,0,5,0,65,,1073,19,0,5,0,26,,1074,19,0,5,0,68,,1072,19,0,5,0,25,,1075,19,0,5,0,20,,1077,19,0,5,0,61,,1076,19,0,5,0,20,,1092,19,0,5,0,21,,1080,19,0,5,0,60,,1079,19,0,5,0,25,,1091,19,0,5,0,65,,1081,19,0,5,0,30,,1083,19,0,5,0,26,,1082,19,0,5,0,64,,1085,19,0,5,0,28,,1084,19,0,5,0,69,,1078,19,0,5,0,24,,1088,19,0,5,0,65,,1087,19,0,5,0,30,,1089,19,0,5,0,84,,1095,19,0,5,0
3000,'5184',609,,1479,3,0,5,0,30,,1493,3,0,5,0,1313,,1495,3,,,0,70,,1494,3,,,0,31,,1481,3,,,0,70,,1485,3,,,0,30,,1480,3,,,0,70,,1484,3,,,0,30,,1482,3,,,0,70,,1483,3,,,0,30,,1486,3,,,0,70,,1487,3,,,0,30,,1488,3,,,0,69,,1489,3,,,0,36,,1490,3,,,0,70,,1491,3,,,0,84,,1492,3,,,0
3000,'5185',609,,1506,3,0,5,0,30,,1498,3,0,5,0,1314,,1505,3,,,0,70,,1507,3,,,0,30,,1497,3,,,0,70,,1508,3,,,0,30,,1510,3,,,0,70,,1509,3,,,0,30,,1511,3,,,0,70,,1504,3,,,0,30,,1512,3,,,0,70,,1500,3,,,0,30,,1502,3,,,0,70,,1501,3,,,0,35,,1503,3,,,0,72,,1496,3,,,0,82,,1499,3,,,0
3100,'5183',836,,574,3,,,0,107,,550,3,,,0,82,,549,3,,,0,81,,548,3,,,0,417,,570,3,,,0,307,,557,3,,,0
3100,'5184',717,,1556,3,,,0,15,,1561,3,,,0,15,,1558,3,,,0,57,,1562,3,,,0,15,,1560,3,,,0,36,,1559,3,,,0,63,,1567,3,,,0,87,,1568,3,,,0,142,,1546,3,,,0,81,,1545,3,,,0,81,,1549,3,,,0,41,,1547,3,,,0,81,,1548,3,,,0,77,,1550,3,,,0,30,,1555,3,,,0,15,,1564,3,,,0,55,,1551,3,,,0,15,,1565,3,,,0,16,,1553,3,,,0,15,,1566,3,,,0,55,,1557,3,,,0,19,,1563,3,,,0,25,,1554,3,,,0,158,,1552,3,,,0
3100,'5185',717,,1577,3,,,0,34,,1586,3,,,0,70,,1582,3,,,0,38,,1584,3,,,0,81,,1580,3,,,0,85,,1569,3,,,0,81,,1570,3,,,0,41,,1571,3,,,0,81,,1576,3,,,0,81,,1581,3,,,0,41,,1579,3,,,0,81,,1572,3,,,0,77,,1573,3,,,0,30,,1588,3,,,0,70,,1585,3,,,0,31,,1583,3,,,0,70,,1587,3,,,0,46,,1575,3,,,0,75,,1578,3,,,0,81,,1574,3,,,0
3200,'5184',707,,1646,3,,,0,30,,1647,3,,,0,71,,1644,3,,,0,30,,1645,3,,,0,70,,1652,3,,,0,30,,1653,3,,,0,69,,1651,3,,,0,511,,1642,3,,,0,30,,1648,3,,,0,70,,1649,3,,,0,30,,1641,3,,,0,70,,1643,3,,,0,25,,1650,3,,,0
3200,'5185',707,,1661,3,,,0,30,,1662,3,,,0,71,,1654,3,,,0,30,,1655,3,,,0,680,,1656,3,,,0,30,,1658,3,,,0,70,,1663,3,,,0,30,,1659,3,,,0,70,,1657,3,,,0,25,,1660,3,,,0
3300,'5184',1044,,1691,3,,,0,83,,1690,3,,,0,80,,1692,3,,,0,40,,1689,3,,,0,83,,1695,3,,,0,79,,1696,3,,,0,39,,1698,3,,,0,359,,1694,3,,,0,42,,1693,3,,,0,82,,1697,3,,,0
