1001,'5183',1359,,325,14,,,0,160,,329,14,,,0,29,,327,14,,,0,85,,330,14,,,0,20,,333,14,,,0,61,,349,14,,,0,41,,336,14,,,0,65,,348,14,,,0,24,,337,14,,,0,96,,334,14,,,0,63,,338,14,,,0,56,,332,14,,,0,64,,342,14,,,0,95,,343,14,,,0
1001,'5184',623,,1116,14,0,6,0,24,,1096,14,0,6,0,65,,1118,14,0,6,0,25,,1098,14,0,6,0,65,,1099,14,0,6,0,26,,1097,14,0,6,0,26,,1101,14,0,6,0,65,,1120,14,0,6,0,25,,1100,14,0,6,0,65,,1103,14,0,6,0,25,,1121,14,0,6,0,66,,1104,14,0,6,0,25,,1105,14,0,6,0,25,,1102,14,0,6,0,65,,1106,14,,,0,25,,1107,14,,,0,69,,1108,14,,,0,25,,1109,14,,,0,93,,1110,14,,,0,25,,1111,14,,,0,161,,1112,14,,,0,122,,1113,14,,,0,179,,1114,14,,,0,116,,1117,14,,,0,117,,1115,14,,,0,153,,1119,14,,,0
1001,'5185',623,,1152,14,0,6,0,24,,1122,14,0,6,0,65,,1156,14,0,6,0,25,,1124,14,0,6,0,65,,1125,14,0,6,0,26,,1123,14,0,6,0,26,,1127,14,0,6,0,65,,1160,14,0,6,0,24,,1126,14,0,6,0,66,,1129,14,0,6,0,25,,1161,14,0,6,0,66,,1130,14,0,6,0,25,,1131,14,0,6,0,25,,1128,14,0,6,0,65,,1132,14,,,0,25,,1133,14,,,0,69,,1134,14,,,0,25,,1136,14,,,0,25,,1137,14,,,0,68,,1135,14,,,0,25,,1138,14,,,0,67,,1141,14,,,0,29,,1139,14,,,0,65,,1140,14,,,0,20,,1142,14,,,0,21,,1145,14,,,0,61,,1158,14,,,0,20,,1143,14,,,0,20,,1148,14,,,0,65,,1157,14,,,0,24,,1149,14,,,0,70,,1147,14,,,0,26,,1146,14,,,0,63,,1150,14,,,0,27,,1153,14,,,0,28,,1144,14,,,0,64,,1154,14,,,0,25,,1151,14,,,0,69,,1155,14,,,0,84,,1159,14,,,0
2001,'5184',600,,1252,14,,,0,30,,1250,14,,,0,29,,1253,14,,,0,70,,1251,14,,,0,30,,1256,14,,,0,70,,1255,14,,,0,71,,1254,14,,,0,30,,1257,14,,,0,70,,1258,14,,,0,30,,1259,14,,,0,70,,1260,14,,,0,30,,1261,14,,,0,74,,1262,14,,,0,30,,1265,14,,,0,70,,1264,14,,,0,30,,1263,14,,,0,70,,1266,14,,,0,31,,1268,14,,,0,70,,1269,14,,,0,30,,1267,14,,,0,70,,1270,14,,,0,30,,1271,14,,,0,70,,1272,14,,,0,30,,1273,14,,,0,69,,1274,14,,,0,29,,1275,14,,,0,70,,1277,14,,,0,30,,1276,14,,,0,70,,1278,14,,,0,30,,1279,14,,,0,70,,1280,15,,,0,30,,1292,15,,,0,70,,1291,15,,,0,30,,1290,15,,,0,69,,1289,15,,,0,29,,1288,15,,,0,70,,1287,15,,,0,30,,1286,15,,,0,70,,1285,15,,,0,29,,1283,15,,,0,70,,1282,15,,,0,30,,1284,15,,,0,70,,1295,15,,,0,25,,1281,15,,,0
2001,'5185',600,,1298,14,,,0,30,,1296,14,,,0,29,,1299,14,,,0,70,,1297,14,,,0,30,,1302,14,,,0,70,,1301,14,,,0,71,,1300,14,,,0,30,,1303,14,,,0,70,,1304,14,,,0,30,,1305,14,,,0,70,,1306,14,,,0,30,,1307,14,,,0,75,,1308,14,,,0,30,,1311,14,,,0,70,,1310,14,,,0,30,,1309,14,,,0,69,,1312,14,,,0,31,,1314,14,,,0,70,,1315,14,,,0,30,,1313,14,,,0,70,,1316,14,,,0,30,,1317,14,,,0,70,,1318,14,,,0,30,,1319,14,,,0,69,,1320,14,,,0,29,,1321,14,,,0,71,,1323,14,,,0,30,,1322,14,,,0,70,,1324,14,,,0,30,,1325,14,,,0,70,,1326,15,,,0,30,,1338,15,,,0,70,,1337,15,,,0,30,,1336,15,,,0,68,,1335,15,,,0,29,,1334,15,,,0,70,,1333,15,,,0,30,,1332,15,,,0,70,,1331,15,,,0,26,,1329,15,,,0,30,,1328,15,,,0,70,,1330,15,,,0,30,,1340,15,,,0,70,,1327,15,,,0
2101,'5183',1922,,487,14,,,0,30,,505,14,,,0,270,,492,15,,,0,129,,509,15,,,0
2101,'5184',717,,1408,14,,,0,30,,1439,14,,,0,72,,1410,14,,,0,31,,1425,14,,,0,70,,1412,14,,,0,30,,1427,14,,,0,70,,1409,14,,,0,30,,1426,14,,,0,70,,1414,14,,,0,30,,1428,14,,,0,73,,1411,14,,,0,30,,1431,14,,,0,70,,1413,14,,,0,30,,1432,14,,,0,71,,1415,14,,,0,30,,1430,14,,,0,69,,1416,14,,,0,30,,1429,14,,,0,70,,1417,14,,,0,30,,1433,14,,,0,70,,1418,14,,,0,30,,1434,14,,,0,70,,1419,14,,,0,29,,1435,14,,,0,170,,1420,14,,,0,30,,1436,15,,,0,70,,1424,15,,,0,30,,1437,15,,,0,100,,1438,15,,,0,69,,1423,15,,,0,100,,1421,15,,,0,99,,1422,15,,,0
2101,'5185',717,,1440,14,,,0,30,,1460,14,,,0,70,,1442,14,,,0,33,,1461,14,,,0,70,,1444,14,,,0,30,,1463,14,,,0,70,,1441,14,,,0,30,,1462,14,,,0,70,,1446,14,,,0,30,,1464,14,,,0,73,,1443,14,,,0,30,,1467,14,,,0,70,,1445,14,,,0,30,,1468,14,,,0,71,,1447,14,,,0,30,,1466,14,,,0,68,,1448,14,,,0,30,,1465,14,,,0,70,,1449,14,,,0,30,,1469,14,,,0,70,,1450,14,,,0,30,,1470,14,,,0,70,,1451,14,,,0,31,,1471,14,,,0,70,,1452,14,,,0,30,,1472,14,,,0,70,,1453,14,,,0,30,,1473,15,,,0,70,,1458,15,,,0,30,,1474,15,,,0,70,,1457,15,,,0,30,,1475,15,,,0,69,,1456,15,,,0,30,,1459,15,,,0,70,,1454,15,,,0,95,,1455,15,,,0
24002001,'5184',813,,1732,10,,,0,30,,1746,10,,,0,70,,1733,10,,,0,30,,1742,10,,,0,70,,1734,10,,,0,30,,1743,10,,,0,70,,1735,10,,,0,30,,1750,10,,,0,72,,1736,10,,,0,30,,1744,10,,,0,70,,1737,10,,,0,30,,1749,10,,,0,70,,1738,10,,,0,31,,1747,10,,,0,70,,1739,10,,,0,31,,1745,10,,,0,70,,1740,10,,,0,30,,1748,10,,,0,70,,1741,10,,,0,30,,1731,10,,,0,70,,1751,10,,,0
24002001,'5185',1747,,1752,10,,,0
