401,'5183',933,,9,4,,,0,93,,66,4,,,0,110,,12,4,,,0,15,,69,4,,,0,298,,76,4,,,0,155,,35,4,,,0,15,,36,4,,,0,10,,47,4,,,0,10,,37,4,,,0,66,,39,4,,,0,15,,40,4,,,0,30,,42,4,,,0
401,'5184',631,,718,4,,,0,15,,714,4,,,0,55,,717,4,,,0,15,,715,4,,,0,10,,702,4,,,0,10,,723,4,,,0,10,,703,4,,,0,9,,724,4,,,0,48,,704,4,,,0,7,,725,4,,,0,8,,705,4,,,0,7,,726,4,,,0,8,,701,4,,,0,8,,728,4,,,0,8,,706,4,,,0,7,,722,4,,,0,48,,707,4,,,0,7,,729,4,,,0,8,,755,4,,,0,7,,727,4,,,0,15,,731,4,,,0,8,,756,4,,,0,7,,730,4,,,0,50,,709,4,,,0,10,,766,4,,,0,20,,710,4,,,0,15,,758,4,,,0,55,,711,4,,,0,15,,757,4,,,0,85,,712,4,,,0,15,,760,4,,,0,15,,713,4,,,0,15,,761,4,,,0,55,,762,4,,,0,15,,759,4,,,0,15,,716,4,,,0,15,,763,4,,,0,55,,719,4,,,0,13,,764,4,,,0,10,,720,4,,,0,10,,739,4,,,0,18,,737,4,,,0,47,,721,4,,,0,8,,741,4,,,0,7,,765,4,,,0,8,,738,4,,,0,7,,732,4,,,0,8,,740,4,,,0,7,,708,4,,,0,8,,736,4,,,0,55,,742,4,,,0,38,,733,4,,,0,85,,734,4,,,0,70,,735,4,,,0,16,,753,4,,,0,16,,743,4,,,0,16,,754,4,,,0,56,,747,4,,,0,15,,751,4,,,0,15,,750,4,,,0,15,,745,4,,,0,55,,744,4,,,0,15,,746,4,,,0,15,,752,4,,,0,15,,748,4,,,0,55,,749,4,,,0
601,'5183',757,,173,4,,,0,175,,176,4,,,0,877,,196,4,,,0,32,,198,4,,,0,199,,202,4,,,0,100,,211,4,,,0,170,,208,4,,,0,100,,207,4,,,0,100,,203,4,,,0
601,'5184',558,,877,4,,,0,70,,878,4,,,0,29,,879,4,,,0,70,,880,4,,,0,100,,874,4,,,0,75,,875,4,,,0,101,,885,4,,,0,30,,876,4,,,0,70,,881,4,,,0,30,,882,4,,,0,75,,883,4,,,0,30,,886,4,,,0,70,,884,4,,,0,30,,887,4,,,0,70,,888,4,,,0,30,,890,4,,,0,70,,889,4,,,0,31,,891,4,,,0,70,,893,4,,,0,30,,892,4,,,0,70,,894,4,,,0,30,,895,4,,,0,172,,897,4,,,0,30,,896,4,,,0,70,,898,4,,,0,99,,904,4,,,0,100,,903,4,,,0,30,,902,4,,,0,100,,901,4,,,0,100,,899,4,,,0,100,,900,4,,,0
601,'5185',558,,910,4,,,0,70,,911,4,,,0,29,,912,4,,,0,70,,913,4,,,0,32,,905,4,,,0,70,,906,4,,,0,75,,907,4,,,0,30,,908,4,,,0,71,,918,4,,,0,30,,909,4,,,0,70,,914,4,,,0,30,,915,4,,,0,73,,916,4,,,0,30,,919,4,,,0,70,,917,4,,,0,30,,920,4,,,0,70,,921,4,,,0,30,,923,4,,,0,70,,922,4,,,0,30,,924,4,,,0,70,,925,4,,,0,31,,926,4,,,0,70,,927,4,,,0,30,,929,4,,,0,70,,928,4,,,0,30,,930,4,,,0,70,,932,4,,,0,21,,931,4,,,0,79,,933,4,,,0,29,,934,4,,,0,70,,944,4,,,0,30,,943,4,,,0,70,,942,4,,,0,30,,941,4,,,0,70,,940,4,,,0,30,,938,4,,,0,70,,939,4,,,0,30,,936,4,,,0,72,,935,4,,,0,30,,937,4,,,0
1000,'5183',1320,,285,20,0,5,0,118,,297,20,0,5,0,68,,286,20,0,5,0,45,,290,20,0,5,0,60,,289,20,0,5,0,20,,309,20,0,5,0,82,,292,20,0,5,0,25,,308,20,0,5,0,65,,294,20,0,5,0,56,,295,20,0,5,0,64,,296,20,0,5,0,98,,291,20,0,5,0,24,,302,20,0,5,0,96,,303,20,0,5,0
1000,'5184',548,,1050,17,,,0,64,,1030,17,,,0,24,,1052,17,,,0,64,,1033,17,,,0,25,,1031,17,,,0,25,,1032,17,,,0,66,,1035,17,,,0,25,,1055,17,,,0,65,,1034,17,,,0,25,,1038,17,,,0,25,,1054,17,,,0,65,,1036,17,,,0,25,,1040,17,,,0,65,,1039,17,,,0,25,,1037,17,,,0,65,,1041,17,,,0,29,,1042,20,0,5,0,25,,1043,20,0,5,0,92,,1044,20,0,5,0,65,,1045,20,0,5,0,119,,1046,20,0,5,0,122,,1047,20,0,5,0,180,,1048,20,0,5,0,118,,1049,20,0,5,0,159,,1051,20,0,5,0,113,,1053,20,0,5,0
1000,'5185',548,,1086,17,,,0,64,,1056,17,,,0,24,,1094,17,,,0,64,,1059,17,,,0,25,,1057,17,,,0,25,,1058,17,,,0,66,,1061,17,,,0,25,,1093,17,,,0,64,,1060,17,,,0,26,,1064,17,,,0,25,,1090,17,,,0,65,,1062,17,,,0,25,,1066,17,,,0,65,,1065,17,,,0,25,,1063,17,,,0,65,,1067,17,,,0,29,,1068,20,0,5,0,25,,1069,20,0,5,0,65,,1070,20,0,5,0,27,,1071,20,0,5,0,65,,1073,20,0,5,0,26,,1074,20,0,5,0,68,,1072,20,0,5,0,25,,1075,20,0,5,0,20,,1077,20,0,5,0,61,,1076,20,0,5,0,20,,1092,20,0,5,0,21,,1080,20,0,5,0,60,,1079,20,0,5,0,25,,1091,20,0,5,0,65,,1081,20,0,5,0,30,,1083,20,0,5,0,26,,1082,20,0,5,0,64,,1085,20,0,5,0,28,,1084,20,0,5,0,69,,1078,20,0,5,0,24,,1088,20,0,5,0,65,,1087,20,0,5,0,30,,1089,20,0,5,0,84,,1095,20,0,5,0
3000,'5184',610,,1479,4,0,5,0,30,,1493,4,0,5,0,1313,,1495,4,,,0,70,,1494,4,,,0,31,,1481,4,,,0,70,,1485,4,,,0,30,,1480,4,,,0,70,,1484,4,,,0,30,,1482,4,,,0,70,,1483,4,,,0,30,,1486,4,,,0,70,,1487,4,,,0,30,,1488,4,,,0,69,,1489,4,,,0,36,,1490,4,,,0,70,,1491,4,,,0,84,,1492,4,,,0
3000,'5185',610,,1506,4,0,5,0,30,,1498,4,0,5,0,1314,,1505,4,,,0,70,,1507,4,,,0,30,,1497,4,,,0,70,,1508,4,,,0,30,,1510,4,,,0,70,,1509,4,,,0,30,,1511,4,,,0,70,,1504,4,,,0,30,,1512,4,,,0,70,,1500,4,,,0,30,,1502,4,,,0,70,,1501,4,,,0,35,,1503,4,,,0,72,,1496,4,,,0,82,,1499,4,,,0
3100,'5183',837,,574,4,,,0,107,,550,4,,,0,82,,549,4,,,0,81,,548,4,,,0,416,,570,4,,,0,308,,557,4,,,0
3100,'5184',718,,1556,4,,,0,15,,1561,4,,,0,15,,1558,4,,,0,57,,1562,4,,,0,15,,1560,4,,,0,36,,1559,4,,,0,63,,1567,4,,,0,87,,1568,4,,,0,142,,1546,4,,,0,81,,1545,4,,,0,81,,1549,4,,,0,41,,1547,4,,,0,81,,1548,4,,,0,76,,1550,4,,,0,30,,1555,4,,,0,15,,1564,4,,,0,55,,1551,4,,,0,15,,1565,4,,,0,16,,1553,4,,,0,15,,1566,4,,,0,55,,1557,4,,,0,19,,1563,4,,,0,26,,1554,4,,,0,158,,1552,4,,,0
3100,'5185',718,,1577,4,,,0,34,,1586,4,,,0,70,,1582,4,,,0,78,,1584,4,,,0,41,,1580,4,,,0,85,,1569,4,,,0,81,,1570,4,,,0,41,,1571,4,,,0,81,,1576,4,,,0,81,,1581,4,,,0,41,,1579,4,,,0,81,,1572,4,,,0,76,,1573,4,,,0,30,,1588,4,,,0,70,,1585,4,,,0,31,,1583,4,,,0,70,,1587,4,,,0,47,,1575,4,,,0,75,,1578,4,,,0,81,,1574,4,,,0
3200,'5184',708,,1646,4,,,0,30,,1647,4,,,0,70,,1644,4,,,0,30,,1645,4,,,0,70,,1652,4,,,0,30,,1653,4,,,0,69,,1651,4,,,0,511,,1642,4,,,0,30,,1648,4,,,0,70,,1649,4,,,0,30,,1641,4,,,0,70,,1643,4,,,0,25,,1650,4,,,0
3200,'5185',708,,1661,4,,,0,30,,1662,4,,,0,70,,1654,4,,,0,30,,1655,4,,,0,680,,1656,4,,,0,30,,1658,4,,,0,70,,1663,4,,,0,30,,1659,4,,,0,70,,1657,4,,,0,25,,1660,4,,,0
3300,'5184',1044,,1691,4,,,0,83,,1690,4,,,0,80,,1692,4,,,0,40,,1689,4,,,0,83,,1695,4,,,0,79,,1696,4,,,0,39,,1698,4,,,0,359,,1694,4,,,0,42,,1693,4,,,0,82,,1697,4,,,0
