601,'5183',807,,173,17,,,0,135,,176,17,,,0,877,,196,17,,,0,32,,198,17,,,0,199,,202,17,,,0,100,,211,17,,,0,170,,208,17,,,0,100,,207,17,,,0,100,,203,17,,,0
601,'5184',608,,877,17,,,0,30,,878,17,,,0,69,,879,17,,,0,30,,880,17,,,0,100,,874,17,,,0,75,,875,17,,,0,101,,885,17,,,0,30,,876,17,,,0,70,,881,17,,,0,30,,882,17,,,0,75,,883,17,,,0,30,,886,17,,,0,70,,884,17,,,0,30,,887,17,,,0,70,,888,17,,,0,30,,890,17,,,0,70,,889,17,,,0,33,,891,17,,,0,70,,893,17,,,0,30,,892,17,,,0,68,,894,17,,,0,30,,895,17,,,0,172,,897,17,,,0,30,,896,17,,,0,70,,898,17,,,0,99,,904,17,,,0,100,,903,17,,,0,30,,902,17,,,0,100,,901,17,,,0,100,,899,17,,,0,100,,900,17,,,0
601,'5185',608,,910,17,,,0,30,,911,17,,,0,69,,912,17,,,0,30,,913,17,,,0,72,,905,17,,,0,30,,906,17,,,0,75,,907,17,,,0,30,,908,17,,,0,71,,918,17,,,0,30,,909,17,,,0,70,,914,17,,,0,30,,915,17,,,0,73,,916,17,,,0,30,,919,17,,,0,70,,917,17,,,0,30,,920,17,,,0,70,,921,17,,,0,30,,923,17,,,0,70,,922,17,,,0,32,,924,17,,,0,70,,925,17,,,0,31,,926,17,,,0,68,,927,17,,,0,30,,929,17,,,0,70,,928,17,,,0,30,,930,17,,,0,70,,932,17,,,0,21,,931,17,,,0,79,,933,17,,,0,29,,934,17,,,0,70,,944,17,,,0,30,,943,17,,,0,70,,942,17,,,0,30,,941,17,,,0,70,,940,17,,,0,30,,938,17,,,0,70,,939,17,,,0,30,,936,17,,,0,72,,935,17,,,0,30,,937,17,,,0
1000,'5183',1317,,285,17,0,5,0,118,,297,17,0,5,0,68,,286,17,0,5,0,45,,290,17,0,5,0,60,,289,17,0,5,0,20,,309,17,0,5,0,82,,292,17,0,5,0,25,,308,17,0,5,0,65,,294,17,0,5,0,56,,295,17,0,5,0,64,,296,17,0,5,0,98,,291,17,0,5,0,24,,302,17,0,5,0,96,,303,17,0,5,0
1000,'5184',545,,1050,14,,,0,64,,1030,14,,,0,24,,1052,14,,,0,24,,1033,14,,,0,65,,1031,14,,,0,25,,1032,14,,,0,66,,1035,14,,,0,25,,1055,14,,,0,65,,1034,14,,,0,25,,1038,14,,,0,25,,1054,14,,,0,65,,1036,14,,,0,25,,1040,14,,,0,65,,1039,14,,,0,25,,1037,14,,,0,25,,1041,14,,,0,69,,1042,17,0,5,0,25,,1043,17,0,5,0,92,,1044,17,0,5,0,65,,1045,17,0,5,0,119,,1046,17,0,5,0,122,,1047,17,0,5,0,180,,1048,17,0,5,0,118,,1049,17,0,5,0,159,,1051,17,0,5,0,113,,1053,17,0,5,0
1000,'5185',545,,1086,14,,,0,64,,1056,14,,,0,24,,1094,14,,,0,24,,1059,14,,,0,65,,1057,14,,,0,25,,1058,14,,,0,66,,1061,14,,,0,25,,1093,14,,,0,64,,1060,14,,,0,26,,1064,14,,,0,25,,1090,14,,,0,65,,1062,14,,,0,25,,1066,14,,,0,65,,1065,14,,,0,25,,1063,14,,,0,25,,1067,14,,,0,69,,1068,17,0,5,0,25,,1069,17,0,5,0,65,,1070,17,0,5,0,27,,1071,17,0,5,0,65,,1073,17,0,5,0,26,,1074,17,0,5,0,68,,1072,17,0,5,0,25,,1075,17,0,5,0,20,,1077,17,0,5,0,61,,1076,17,0,5,0,20,,1092,17,0,5,0,21,,1080,17,0,5,0,60,,1079,17,0,5,0,25,,1091,17,0,5,0,65,,1081,17,0,5,0,30,,1083,17,0,5,0,26,,1082,17,0,5,0,64,,1085,17,0,5,0,28,,1084,17,0,5,0,69,,1078,17,0,5,0,24,,1088,17,0,5,0,65,,1087,17,0,5,0,30,,1089,17,0,5,0,84,,1095,17,0,5,0
2000,'5184',537,,1162,20,,,0,70,,1165,20,,,0,29,,1163,20,,,0,70,,1164,20,,,0,30,,1168,20,,,0,70,,1167,20,,,0,30,,1166,20,,,0,70,,1169,20,,,0,30,,1171,20,,,0,70,,1170,20,,,0,30,,1172,20,,,0,70,,1174,20,,,0,30,,1173,20,,,0,74,,1205,27,,,0,30,,1176,27,,,0,70,,1177,27,,,0,30,,1175,27,,,0,70,,1178,27,,,0,30,,1181,27,,,0,71,,1180,27,,,0,30,,1179,27,,,0,70,,1182,27,,,0,30,,1183,27,,,0,70,,1184,27,,,0,30,,1185,27,,,0,70,,1186,27,,,0,30,,1187,27,,,0,68,,1189,27,,,0,30,,1188,27,,,0,70,,1192,27,,,0,30,,1190,27,,,0,70,,1191,27,,,0,30,,1204,27,,,0,70,,1203,27,,,0,30,,1202,27,,,0,70,,1201,27,,,0,28,,1200,20,,,0,70,,1199,20,,,0,30,,1198,20,,,0,70,,1197,20,,,0,25,,1194,20,,,0,27,,1196,20,,,0,70,,1193,20,,,0,30,,1195,20,,,0
2000,'5185',537,,1206,20,,,0,70,,1209,20,,,0,28,,1207,20,,,0,70,,1208,20,,,0,30,,1212,20,,,0,70,,1211,20,,,0,30,,1210,20,,,0,70,,1213,20,,,0,31,,1215,20,,,0,69,,1214,20,,,0,30,,1216,20,,,0,69,,1218,20,,,0,30,,1217,20,,,0,76,,1249,27,,,0,30,,1220,27,,,0,70,,1221,27,,,0,30,,1219,27,,,0,70,,1222,27,,,0,30,,1225,27,,,0,72,,1224,27,,,0,30,,1223,27,,,0,70,,1226,27,,,0,30,,1227,27,,,0,70,,1228,27,,,0,30,,1229,27,,,0,70,,1230,27,,,0,29,,1231,27,,,0,67,,1233,27,,,0,30,,1232,27,,,0,70,,1236,27,,,0,30,,1234,27,,,0,70,,1235,27,,,0,30,,1248,27,,,0,70,,1247,27,,,0,30,,1246,27,,,0,70,,1245,27,,,0,26,,1244,20,,,0,69,,1243,20,,,0,30,,1242,20,,,0,70,,1241,20,,,0,30,,1238,20,,,0,26,,1240,20,,,0,67,,1237,20,,,0,30,,1239,20,,,0
2100,'5183',1949,,452,18,,,0,70,,470,18,,,0,229,,456,18,,,0,169,,473,18,,,0
2100,'5184',744,,1342,18,,,0,70,,1372,18,,,0,32,,1344,18,,,0,70,,1358,18,,,0,30,,1345,18,,,0,70,,1359,18,,,0,30,,1343,18,,,0,70,,1360,18,,,0,30,,1347,18,,,0,70,,1363,18,,,0,34,,1346,18,,,0,70,,1362,18,,,0,30,,1348,18,,,0,70,,1365,18,,,0,31,,1349,18,,,0,70,,1361,18,,,0,30,,1350,18,,,0,70,,1364,18,,,0,30,,1351,18,,,0,70,,1366,18,,,0,30,,1352,18,,,0,70,,1367,18,,,0,29,,1353,18,,,0,69,,1368,18,,,0,130,,1354,18,,,0,69,,1369,18,,,0,30,,1357,18,,,0,70,,1370,18,,,0,99,,1371,18,,,0,30,,1356,18,,,0,100,,1355,18,,,0
2100,'5185',744,,1373,18,,,0,70,,1391,18,,,0,30,,1375,18,,,0,72,,1393,18,,,0,30,,1376,18,,,0,70,,1394,18,,,0,30,,1374,18,,,0,70,,1395,18,,,0,30,,1378,18,,,0,70,,1398,18,,,0,34,,1377,18,,,0,70,,1397,18,,,0,30,,1379,18,,,0,70,,1400,18,,,0,31,,1380,18,,,0,70,,1396,18,,,0,30,,1381,18,,,0,70,,1399,18,,,0,30,,1382,18,,,0,70,,1401,18,,,0,30,,1383,18,,,0,70,,1402,18,,,0,28,,1384,18,,,0,70,,1403,18,,,0,30,,1385,18,,,0,70,,1405,18,,,0,30,,1386,18,,,0,70,,1404,18,,,0,30,,1390,18,,,0,70,,1406,18,,,0,30,,1389,18,,,0,70,,1407,18,,,0,29,,1388,18,,,0,69,,1392,18,,,0,30,,1387,18,,,0
2500,'5184',651,,1477,10,,,0,70,,1476,10,,,0
24002000,'5184',750,,1710,16,,,0,70,,1721,16,,,0,30,,1711,16,,,0,70,,1723,16,,,0,30,,1712,16,,,0,70,,1722,16,,,0,30,,1713,16,,,0,70,,1728,16,,,0,30,,1714,16,,,0,76,,1720,23,,,0,30,,1715,23,,,0,70,,1724,23,,,0,30,,1716,23,,,0,70,,1725,23,,,0,31,,1717,23,,,0,70,,1727,23,,,0,30,,1718,23,,,0,70,,1726,23,,,0,30,,1719,23,,,0,70,,1709,23,,,0,30,,1729,23,,,0
24002000,'5185',1727,,1730,23,,,0
