1000,'5183',1308,,285,10,0,5,0,118,,297,10,0,5,0,28,,286,10,0,5,0,85,,290,10,0,5,0,20,,289,10,0,5,0,60,,309,10,0,5,0,82,,292,10,0,5,0,25,,308,10,0,5,0,25,,294,10,0,5,0,96,,295,10,0,5,0,64,,296,10,0,5,0,98,,291,10,0,5,0,25,,302,10,0,5,0,96,,303,10,0,5,0
1000,'5184',538,,1050,7,,,0,64,,1030,7,,,0,23,,1052,7,,,0,23,,1033,7,,,0,64,,1031,7,,,0,25,,1032,7,,,0,66,,1035,7,,,0,25,,1055,7,,,0,26,,1034,7,,,0,65,,1038,7,,,0,25,,1054,7,,,0,65,,1036,7,,,0,25,,1040,7,,,0,25,,1039,7,,,0,65,,1037,7,,,0,25,,1041,7,,,0,69,,1042,10,0,5,0,25,,1043,10,0,5,0,92,,1044,10,0,5,0,65,,1045,10,0,5,0,119,,1046,10,0,5,0,122,,1047,10,0,5,0,180,,1048,10,0,5,0,118,,1049,10,0,5,0,120,,1051,10,0,5,0,153,,1053,10,0,5,0
1000,'5185',538,,1086,7,,,0,64,,1056,7,,,0,23,,1094,7,,,0,23,,1059,7,,,0,64,,1057,7,,,0,25,,1058,7,,,0,66,,1061,7,,,0,25,,1093,7,,,0,25,,1060,7,,,0,66,,1064,7,,,0,25,,1090,7,,,0,65,,1062,7,,,0,25,,1066,7,,,0,25,,1065,7,,,0,65,,1063,7,,,0,25,,1067,7,,,0,69,,1068,10,0,5,0,25,,1069,10,0,5,0,65,,1070,10,0,5,0,27,,1071,10,0,5,0,65,,1073,10,0,5,0,26,,1074,10,0,5,0,28,,1072,10,0,5,0,65,,1075,10,0,5,0,20,,1077,10,0,5,0,61,,1076,10,0,5,0,20,,1092,10,0,5,0,21,,1080,10,0,5,0,60,,1079,10,0,5,0,25,,1091,10,0,5,0,25,,1081,10,0,5,0,70,,1083,10,0,5,0,26,,1082,10,0,5,0,64,,1085,10,0,5,0,28,,1084,10,0,5,0,69,,1078,10,0,5,0,25,,1088,10,0,5,0,25,,1087,10,0,5,0,70,,1089,10,0,5,0,84,,1095,10,0,5,0
2000,'5184',524,,1162,7,,,0,29,,1165,7,,,0,68,,1163,7,,,0,30,,1164,7,,,0,70,,1168,7,,,0,30,,1167,7,,,0,70,,1166,7,,,0,30,,1169,7,,,0,70,,1171,7,,,0,30,,1170,7,,,0,70,,1172,7,,,0,31,,1174,7,,,0,70,,1173,7,,,0,33,,1205,14,,,0,70,,1176,14,,,0,30,,1177,14,,,0,70,,1175,14,,,0,30,,1178,14,,,0,70,,1181,14,,,0,30,,1180,14,,,0,70,,1179,14,,,0,30,,1182,14,,,0,70,,1183,14,,,0,30,,1184,14,,,0,70,,1185,14,,,0,30,,1186,14,,,0,70,,1187,14,,,0,30,,1189,14,,,0,70,,1188,14,,,0,30,,1192,14,,,0,70,,1190,14,,,0,30,,1191,14,,,0,70,,1204,14,,,0,30,,1203,14,,,0,70,,1202,14,,,0,30,,1201,14,,,0,69,,1200,7,,,0,30,,1199,7,,,0,70,,1198,7,,,0,30,,1197,7,,,0,65,,1194,7,,,0,27,,1196,7,,,0,70,,1193,7,,,0,30,,1195,7,,,0
2000,'5185',524,,1206,7,,,0,29,,1209,7,,,0,67,,1207,7,,,0,30,,1208,7,,,0,70,,1212,7,,,0,30,,1211,7,,,0,70,,1210,7,,,0,30,,1213,7,,,0,71,,1215,7,,,0,29,,1214,7,,,0,70,,1216,7,,,0,30,,1218,7,,,0,70,,1217,7,,,0,35,,1249,14,,,0,70,,1220,14,,,0,30,,1221,14,,,0,70,,1219,14,,,0,30,,1222,14,,,0,70,,1225,14,,,0,31,,1224,14,,,0,70,,1223,14,,,0,30,,1226,14,,,0,70,,1227,14,,,0,30,,1228,14,,,0,70,,1229,14,,,0,30,,1230,14,,,0,69,,1231,14,,,0,29,,1233,14,,,0,70,,1232,14,,,0,30,,1236,14,,,0,70,,1234,14,,,0,30,,1235,14,,,0,70,,1248,14,,,0,30,,1247,14,,,0,70,,1246,14,,,0,30,,1245,14,,,0,67,,1244,7,,,0,29,,1243,7,,,0,70,,1242,7,,,0,30,,1241,7,,,0,70,,1238,7,,,0,26,,1240,7,,,0,67,,1237,7,,,0,30,,1239,7,,,0
2100,'5183',1935,,452,5,,,0,70,,470,5,,,0,229,,456,5,,,0,169,,473,5,,,0
2100,'5184',729,,1342,5,,,0,30,,1372,5,,,0,72,,1344,5,,,0,70,,1358,5,,,0,30,,1345,5,,,0,70,,1359,5,,,0,30,,1343,5,,,0,70,,1360,5,,,0,30,,1347,5,,,0,70,,1363,5,,,0,34,,1346,5,,,0,70,,1362,5,,,0,30,,1348,5,,,0,70,,1365,5,,,0,30,,1349,5,,,0,70,,1361,5,,,0,30,,1350,5,,,0,70,,1364,5,,,0,30,,1351,5,,,0,70,,1366,5,,,0,30,,1352,5,,,0,70,,1367,5,,,0,30,,1353,5,,,0,70,,1368,5,,,0,130,,1354,5,,,0,69,,1369,5,,,0,30,,1357,5,,,0,70,,1370,5,,,0,99,,1371,5,,,0,30,,1356,5,,,0,100,,1355,5,,,0
2100,'5185',729,,1373,5,,,0,30,,1391,5,,,0,70,,1375,5,,,0,72,,1393,5,,,0,30,,1376,5,,,0,70,,1394,5,,,0,30,,1374,5,,,0,70,,1395,5,,,0,30,,1378,5,,,0,70,,1398,5,,,0,34,,1377,5,,,0,70,,1397,5,,,0,30,,1379,5,,,0,70,,1400,5,,,0,30,,1380,5,,,0,70,,1396,5,,,0,30,,1381,5,,,0,70,,1399,5,,,0,30,,1382,5,,,0,70,,1401,5,,,0,30,,1383,5,,,0,70,,1402,5,,,0,29,,1384,5,,,0,71,,1403,5,,,0,30,,1385,5,,,0,70,,1405,5,,,0,30,,1386,5,,,0,70,,1404,5,,,0,30,,1390,5,,,0,70,,1406,5,,,0,30,,1389,5,,,0,70,,1407,5,,,0,29,,1388,5,,,0,69,,1392,5,,,0,30,,1387,5,,,0
24002000,'5184',737,,1710,7,,,0,71,,1721,7,,,0,30,,1711,7,,,0,70,,1723,7,,,0,30,,1712,7,,,0,70,,1722,7,,,0,30,,1713,7,,,0,70,,1728,7,,,0,30,,1714,7,,,0,74,,1720,14,,,0,30,,1715,14,,,0,70,,1724,14,,,0,30,,1716,14,,,0,70,,1725,14,,,0,30,,1717,14,,,0,70,,1727,14,,,0,30,,1718,14,,,0,70,,1726,14,,,0,30,,1719,14,,,0,70,,1709,14,,,0,30,,1729,14,,,0
24002000,'5185',1712,,1730,14,,,0
