500,102716,1,0
500,102454,2,0
500,102460,3,0
500,102465,4,0
500,102480,5,0
500,102492,6,0
500,102499,7,0
500,102508,8,0
500,102516,9,0
500,102522,10,0
500,102515,11,0
500,102505,12,0
500,102491,13,0
500,102485,14,0
500,102478,15,0
500,102476,16,0
500,102471,17,0
500,102473,18,0
500,102484,19,0
500,102481,20,0
500,102468,21,0
500,102463,22,0
500,102453,23,1
601,102717,1,0
601,102456,2,0
601,102462,3,0
601,102466,4,0
601,102479,5,0
601,102496,6,0
601,102520,7,0
601,102526,8,0
601,102528,9,0
601,102525,10,0
601,102529,11,0
601,102521,12,0
601,102497,13,0
601,102494,14,0
601,102502,15,0
601,102493,16,0
601,102483,17,0
601,102455,18,1
700,102718,1,0
700,102450,2,0
700,102452,3,0
700,102457,4,0
700,102464,5,0
700,102458,6,0
700,102451,7,0
700,102449,8,1
801,102448,1,0
801,102454,2,0
801,102460,3,0
801,102465,4,0
801,102480,5,0
801,102492,6,0
801,102499,7,0
801,102508,8,0
801,102532,9,0
801,102505,10,0
801,102481,11,0
801,102468,12,0
801,102463,13,0
801,102453,14,1
2000,102686,1,0
2000,102690,2,0
2000,102550,3,0
2000,102548,4,0
2000,102685,5,0
2000,102553,6,0
2000,102691,7,0
2000,102681,8,0
2000,102680,9,0
2000,102677,10,0
2000,102676,11,0
2000,102678,12,0
2000,102679,13,0
2000,102682,14,0
2000,102673,15,0
2000,102639,16,0
2000,102632,17,0
2000,102605,18,0
2000,102599,19,0
2000,102591,20,0
2000,102576,21,0
2000,102567,22,0
2000,102555,23,0
2000,102545,24,0
2000,102543,25,0
2000,102523,26,0
2000,102493,27,0
2000,102483,28,0
2000,102455,29,0
2000,102713,30,0
2000,102714,31,1
2001,102713,1,0
2001,102456,2,0
2001,102486,3,0
2001,102509,4,0
2001,102533,5,0
2001,102547,6,0
2001,102554,7,0
2001,102569,8,0
2001,102578,9,0
2001,102592,10,0
2001,102596,11,0
2001,102628,12,0
2001,102645,13,0
2001,102681,14,0
2001,102680,15,0
2001,102677,16,0
2001,102676,17,0
2001,102678,18,0
2001,102679,19,0
2001,102682,20,0
2001,102683,21,0
2001,102686,22,1
2100,102662,1,0
2100,102665,2,0
2100,102668,3,0
2100,102671,4,0
2100,102673,5,0
2100,102639,6,0
2100,102632,7,0
2100,102605,8,0
2100,102599,9,0
2100,102591,10,0
2100,102576,11,0
2100,102567,12,0
2100,102555,13,0
2100,102545,14,0
2100,102543,15,0
2100,102523,16,0
2100,102493,17,0
2100,102483,18,0
2100,102455,19,0
2100,102713,20,1
2101,102713,1,0
2101,102456,2,0
2101,102486,3,0
2101,102509,4,0
2101,102533,5,0
2101,102547,6,0
2101,102554,7,0
2101,102569,8,0
2101,102578,9,0
2101,102592,10,0
2101,102596,11,0
2101,102603,12,0
2101,102628,13,0
2101,102645,14,0
2101,102672,15,0
2101,102667,16,0
2101,102664,17,0
2101,102661,18,1
3000,102714,1,0
3000,102456,2,0
3000,102462,3,0
3000,102466,4,0
3000,102479,5,0
3000,102496,6,0
3000,102503,7,0
3000,102517,8,0
3000,102535,9,0
3000,102542,10,0
3000,102594,11,0
3000,102600,12,0
3000,102620,13,0
3000,102622,14,0
3000,102610,15,0
3000,102604,16,0
3000,102607,17,0
3000,102621,18,0
3000,102627,19,0
3000,102631,20,0
3000,102636,21,0
3000,102634,22,0
3000,102703,23,0
3000,102629,24,0
3000,102659,25,0
3000,102660,26,1
3001,102660,1,0
3001,102656,2,0
3001,102653,3,0
3001,102703,4,0
3001,102622,5,0
3001,102610,6,0
3001,102604,7,0
3001,102607,8,0
3001,102621,9,0
3001,102627,10,0
3001,102631,11,0
3001,102636,12,0
3001,102634,13,0
3001,102619,14,0
3001,102600,15,0
3001,102589,16,0
3001,102536,17,0
3001,102514,18,0
3001,102504,19,0
3001,102498,20,0
3001,102455,21,0
3001,102714,22,1
3200,102714,1,0
3200,102456,2,0
3200,102462,3,0
3200,102466,4,0
3200,102470,5,0
3200,102472,6,0
3200,102488,7,0
3200,102501,8,0
3200,102507,9,0
3200,102519,10,0
3200,102539,11,0
3200,102541,12,0
3200,102542,13,0
3200,102594,14,0
3200,102600,15,0
3200,102620,16,0
3200,102703,17,0
3200,102629,18,0
3200,102659,19,0
3200,102660,20,1
3201,102660,1,0
3201,102656,2,0
3201,102653,3,0
3201,102703,4,0
3201,102619,5,0
3201,102600,6,0
3201,102589,7,0
3201,102540,8,0
3201,102534,9,0
3201,102518,10,0
3201,102506,11,0
3201,102500,12,0
3201,102487,13,0
3201,102475,14,0
3201,102461,15,0
3201,102714,16,1
2400002000,102686,1,0
2400002000,102690,2,0
2400002000,102550,3,0
2400002000,102548,4,0
2400002000,102685,5,0
2400002000,102553,6,0
2400002000,102691,7,0
2400002000,102681,8,0
2400002000,102680,9,0
2400002000,102677,10,0
2400002000,102676,11,0
2400002000,102678,12,0
2400002000,102679,13,0
2400002000,102682,14,0
2400002000,102673,15,0
2400002000,102639,16,0
2400002000,102632,17,0
2400002000,102605,18,0
2400002000,102599,19,0
2400002000,102591,20,0
2400002000,102543,21,0
2400002000,102523,22,0
2400002000,102493,23,0
2400002000,102483,24,0
2400002000,102455,25,0
2400002000,102713,26,1
2400002001,102713,1,0
2400002001,102456,2,0
2400002001,102486,3,0
2400002001,102509,4,0
2400002001,102533,5,0
2400002001,102592,6,0
2400002001,102596,7,0
2400002001,102603,8,0
2400002001,102628,9,0
2400002001,102645,10,0
2400002001,102681,11,0
2400002001,102680,12,0
2400002001,102677,13,0
2400002001,102676,14,0
2400002001,102678,15,0
2400002001,102679,16,0
2400002001,102682,17,0
2400002001,102683,18,0
2400002001,102686,19,1
